PART ONE: 5,7,3,0
4000 => 4,6,7,0
4001 => 4,6,7,0
4002 => 4,6,7,0
4003 => 4,6,7,0
4004 => 4,6,7,0
4005 => 4,6,7,0
4006 => 4,6,7,0
4007 => 4,6,7,0
4008 => 5,6,7,0
4009 => 5,6,7,0
4010 => 5,6,7,0
4011 => 5,6,7,0
4012 => 5,6,7,0
4013 => 5,6,7,0
4014 => 5,6,7,0
4015 => 5,6,7,0
4016 => 6,6,7,0
4017 => 6,6,7,0
4018 => 6,6,7,0
4019 => 6,6,7,0
4020 => 6,6,7,0
4021 => 6,6,7,0
4022 => 6,6,7,0
4023 => 6,6,7,0
4024 => 7,6,7,0
4025 => 7,6,7,0
4026 => 7,6,7,0
4027 => 7,6,7,0
4028 => 7,6,7,0
4029 => 7,6,7,0
4030 => 7,6,7,0
4031 => 7,6,7,0
4032 => 0,7,7,0
4033 => 0,7,7,0
4034 => 0,7,7,0
4035 => 0,7,7,0
4036 => 0,7,7,0
4037 => 0,7,7,0
4038 => 0,7,7,0
4039 => 0,7,7,0
4040 => 1,7,7,0
4041 => 1,7,7,0
4042 => 1,7,7,0
4043 => 1,7,7,0
4044 => 1,7,7,0
4045 => 1,7,7,0
4046 => 1,7,7,0
4047 => 1,7,7,0
4048 => 2,7,7,0
4049 => 2,7,7,0
4050 => 2,7,7,0
4051 => 2,7,7,0
4052 => 2,7,7,0
4053 => 2,7,7,0
4054 => 2,7,7,0
4055 => 2,7,7,0
4056 => 3,7,7,0
4057 => 3,7,7,0
4058 => 3,7,7,0
4059 => 3,7,7,0
4060 => 3,7,7,0
4061 => 3,7,7,0
4062 => 3,7,7,0
4063 => 3,7,7,0
4064 => 4,7,7,0
4065 => 4,7,7,0
4066 => 4,7,7,0
4067 => 4,7,7,0
4068 => 4,7,7,0
4069 => 4,7,7,0
4070 => 4,7,7,0
4071 => 4,7,7,0
4072 => 5,7,7,0
4073 => 5,7,7,0
4074 => 5,7,7,0
4075 => 5,7,7,0
4076 => 5,7,7,0
4077 => 5,7,7,0
4078 => 5,7,7,0
4079 => 5,7,7,0
4080 => 6,7,7,0
4081 => 6,7,7,0
4082 => 6,7,7,0
4083 => 6,7,7,0
4084 => 6,7,7,0
4085 => 6,7,7,0
4086 => 6,7,7,0
4087 => 6,7,7,0
4088 => 7,7,7,0
4089 => 7,7,7,0
4090 => 7,7,7,0
4091 => 7,7,7,0
4092 => 7,7,7,0
4093 => 7,7,7,0
4094 => 7,7,7,0
4095 => 7,7,7,0
4096 => 0,0,0,1,0
4097 => 0,0,0,1,0
4098 => 0,0,0,1,0
4099 => 0,0,0,1,0
4100 => 0,0,0,1,0
4101 => 0,0,0,1,0
4102 => 0,0,0,1,0
4103 => 0,0,0,1,0
4104 => 1,0,0,1,0
4105 => 1,0,0,1,0
4106 => 1,0,0,1,0
4107 => 1,0,0,1,0
4108 => 1,0,0,1,0
4109 => 1,0,0,1,0
4110 => 1,0,0,1,0
4111 => 1,0,0,1,0
4112 => 2,0,0,1,0
4113 => 2,0,0,1,0
4114 => 2,0,0,1,0
4115 => 2,0,0,1,0
4116 => 2,0,0,1,0
4117 => 2,0,0,1,0
4118 => 2,0,0,1,0
4119 => 2,0,0,1,0
4120 => 3,0,0,1,0
4121 => 3,0,0,1,0
4122 => 3,0,0,1,0
4123 => 3,0,0,1,0
4124 => 3,0,0,1,0
4125 => 3,0,0,1,0
4126 => 3,0,0,1,0
4127 => 3,0,0,1,0
4128 => 4,0,0,1,0
4129 => 4,0,0,1,0
4130 => 4,0,0,1,0
4131 => 4,0,0,1,0
4132 => 4,0,0,1,0
4133 => 4,0,0,1,0
4134 => 4,0,0,1,0
4135 => 4,0,0,1,0
4136 => 5,0,0,1,0
4137 => 5,0,0,1,0
4138 => 5,0,0,1,0
4139 => 5,0,0,1,0
4140 => 5,0,0,1,0
4141 => 5,0,0,1,0
4142 => 5,0,0,1,0
4143 => 5,0,0,1,0
4144 => 6,0,0,1,0
4145 => 6,0,0,1,0
4146 => 6,0,0,1,0
4147 => 6,0,0,1,0
4148 => 6,0,0,1,0
4149 => 6,0,0,1,0
4150 => 6,0,0,1,0
4151 => 6,0,0,1,0
4152 => 7,0,0,1,0
4153 => 7,0,0,1,0
4154 => 7,0,0,1,0
4155 => 7,0,0,1,0
4156 => 7,0,0,1,0
4157 => 7,0,0,1,0
4158 => 7,0,0,1,0
4159 => 7,0,0,1,0
4160 => 0,1,0,1,0
4161 => 0,1,0,1,0
4162 => 0,1,0,1,0
4163 => 0,1,0,1,0
4164 => 0,1,0,1,0
4165 => 0,1,0,1,0
4166 => 0,1,0,1,0
4167 => 0,1,0,1,0
4168 => 1,1,0,1,0
4169 => 1,1,0,1,0
4170 => 1,1,0,1,0
4171 => 1,1,0,1,0
4172 => 1,1,0,1,0
4173 => 1,1,0,1,0
4174 => 1,1,0,1,0
4175 => 1,1,0,1,0
4176 => 2,1,0,1,0
4177 => 2,1,0,1,0
4178 => 2,1,0,1,0
4179 => 2,1,0,1,0
4180 => 2,1,0,1,0
4181 => 2,1,0,1,0
4182 => 2,1,0,1,0
4183 => 2,1,0,1,0
4184 => 3,1,0,1,0
4185 => 3,1,0,1,0
4186 => 3,1,0,1,0
4187 => 3,1,0,1,0
4188 => 3,1,0,1,0
4189 => 3,1,0,1,0
4190 => 3,1,0,1,0
4191 => 3,1,0,1,0
4192 => 4,1,0,1,0
4193 => 4,1,0,1,0
4194 => 4,1,0,1,0
4195 => 4,1,0,1,0
4196 => 4,1,0,1,0
4197 => 4,1,0,1,0
4198 => 4,1,0,1,0
4199 => 4,1,0,1,0
4200 => 5,1,0,1,0
4201 => 5,1,0,1,0
4202 => 5,1,0,1,0
4203 => 5,1,0,1,0
4204 => 5,1,0,1,0
4205 => 5,1,0,1,0
4206 => 5,1,0,1,0
4207 => 5,1,0,1,0
4208 => 6,1,0,1,0
4209 => 6,1,0,1,0
4210 => 6,1,0,1,0
4211 => 6,1,0,1,0
4212 => 6,1,0,1,0
4213 => 6,1,0,1,0
4214 => 6,1,0,1,0
4215 => 6,1,0,1,0
4216 => 7,1,0,1,0
4217 => 7,1,0,1,0
4218 => 7,1,0,1,0
4219 => 7,1,0,1,0
4220 => 7,1,0,1,0
4221 => 7,1,0,1,0
4222 => 7,1,0,1,0
4223 => 7,1,0,1,0
4224 => 0,2,0,1,0
4225 => 0,2,0,1,0
4226 => 0,2,0,1,0
4227 => 0,2,0,1,0
4228 => 0,2,0,1,0
4229 => 0,2,0,1,0
4230 => 0,2,0,1,0
4231 => 0,2,0,1,0
4232 => 1,2,0,1,0
4233 => 1,2,0,1,0
4234 => 1,2,0,1,0
4235 => 1,2,0,1,0
4236 => 1,2,0,1,0
4237 => 1,2,0,1,0
4238 => 1,2,0,1,0
4239 => 1,2,0,1,0
4240 => 2,2,0,1,0
4241 => 2,2,0,1,0
4242 => 2,2,0,1,0
4243 => 2,2,0,1,0
4244 => 2,2,0,1,0
4245 => 2,2,0,1,0
4246 => 2,2,0,1,0
4247 => 2,2,0,1,0
4248 => 3,2,0,1,0
4249 => 3,2,0,1,0
4250 => 3,2,0,1,0
4251 => 3,2,0,1,0
4252 => 3,2,0,1,0
4253 => 3,2,0,1,0
4254 => 3,2,0,1,0
4255 => 3,2,0,1,0
4256 => 4,2,0,1,0
4257 => 4,2,0,1,0
4258 => 4,2,0,1,0
4259 => 4,2,0,1,0
4260 => 4,2,0,1,0
4261 => 4,2,0,1,0
4262 => 4,2,0,1,0
4263 => 4,2,0,1,0
4264 => 5,2,0,1,0
4265 => 5,2,0,1,0
4266 => 5,2,0,1,0
4267 => 5,2,0,1,0
4268 => 5,2,0,1,0
4269 => 5,2,0,1,0
4270 => 5,2,0,1,0
4271 => 5,2,0,1,0
4272 => 6,2,0,1,0
4273 => 6,2,0,1,0
4274 => 6,2,0,1,0
4275 => 6,2,0,1,0
4276 => 6,2,0,1,0
4277 => 6,2,0,1,0
4278 => 6,2,0,1,0
4279 => 6,2,0,1,0
4280 => 7,2,0,1,0
4281 => 7,2,0,1,0
4282 => 7,2,0,1,0
4283 => 7,2,0,1,0
4284 => 7,2,0,1,0
4285 => 7,2,0,1,0
4286 => 7,2,0,1,0
4287 => 7,2,0,1,0
4288 => 0,3,0,1,0
4289 => 0,3,0,1,0
4290 => 0,3,0,1,0
4291 => 0,3,0,1,0
4292 => 0,3,0,1,0
4293 => 0,3,0,1,0
4294 => 0,3,0,1,0
4295 => 0,3,0,1,0
4296 => 1,3,0,1,0
4297 => 1,3,0,1,0
4298 => 1,3,0,1,0
4299 => 1,3,0,1,0
4300 => 1,3,0,1,0
4301 => 1,3,0,1,0
4302 => 1,3,0,1,0
4303 => 1,3,0,1,0
4304 => 2,3,0,1,0
4305 => 2,3,0,1,0
4306 => 2,3,0,1,0
4307 => 2,3,0,1,0
4308 => 2,3,0,1,0
4309 => 2,3,0,1,0
4310 => 2,3,0,1,0
4311 => 2,3,0,1,0
4312 => 3,3,0,1,0
4313 => 3,3,0,1,0
4314 => 3,3,0,1,0
4315 => 3,3,0,1,0
4316 => 3,3,0,1,0
4317 => 3,3,0,1,0
4318 => 3,3,0,1,0
4319 => 3,3,0,1,0
4320 => 4,3,0,1,0
4321 => 4,3,0,1,0
4322 => 4,3,0,1,0
4323 => 4,3,0,1,0
4324 => 4,3,0,1,0
4325 => 4,3,0,1,0
4326 => 4,3,0,1,0
4327 => 4,3,0,1,0
4328 => 5,3,0,1,0
4329 => 5,3,0,1,0
4330 => 5,3,0,1,0
4331 => 5,3,0,1,0
4332 => 5,3,0,1,0
4333 => 5,3,0,1,0
4334 => 5,3,0,1,0
4335 => 5,3,0,1,0
4336 => 6,3,0,1,0
4337 => 6,3,0,1,0
4338 => 6,3,0,1,0
4339 => 6,3,0,1,0
4340 => 6,3,0,1,0
4341 => 6,3,0,1,0
4342 => 6,3,0,1,0
4343 => 6,3,0,1,0
4344 => 7,3,0,1,0
4345 => 7,3,0,1,0
4346 => 7,3,0,1,0
4347 => 7,3,0,1,0
4348 => 7,3,0,1,0
4349 => 7,3,0,1,0
4350 => 7,3,0,1,0
4351 => 7,3,0,1,0
4352 => 0,4,0,1,0
4353 => 0,4,0,1,0
4354 => 0,4,0,1,0
4355 => 0,4,0,1,0
4356 => 0,4,0,1,0
4357 => 0,4,0,1,0
4358 => 0,4,0,1,0
4359 => 0,4,0,1,0
4360 => 1,4,0,1,0
4361 => 1,4,0,1,0
4362 => 1,4,0,1,0
4363 => 1,4,0,1,0
4364 => 1,4,0,1,0
4365 => 1,4,0,1,0
4366 => 1,4,0,1,0
4367 => 1,4,0,1,0
4368 => 2,4,0,1,0
4369 => 2,4,0,1,0
4370 => 2,4,0,1,0
4371 => 2,4,0,1,0
4372 => 2,4,0,1,0
4373 => 2,4,0,1,0
4374 => 2,4,0,1,0
4375 => 2,4,0,1,0
4376 => 3,4,0,1,0
4377 => 3,4,0,1,0
4378 => 3,4,0,1,0
4379 => 3,4,0,1,0
4380 => 3,4,0,1,0
4381 => 3,4,0,1,0
4382 => 3,4,0,1,0
4383 => 3,4,0,1,0
4384 => 4,4,0,1,0
4385 => 4,4,0,1,0
4386 => 4,4,0,1,0
4387 => 4,4,0,1,0
4388 => 4,4,0,1,0
4389 => 4,4,0,1,0
4390 => 4,4,0,1,0
4391 => 4,4,0,1,0
4392 => 5,4,0,1,0
4393 => 5,4,0,1,0
4394 => 5,4,0,1,0
4395 => 5,4,0,1,0
4396 => 5,4,0,1,0
4397 => 5,4,0,1,0
4398 => 5,4,0,1,0
4399 => 5,4,0,1,0
4400 => 6,4,0,1,0
4401 => 6,4,0,1,0
4402 => 6,4,0,1,0
4403 => 6,4,0,1,0
4404 => 6,4,0,1,0
4405 => 6,4,0,1,0
4406 => 6,4,0,1,0
4407 => 6,4,0,1,0
4408 => 7,4,0,1,0
4409 => 7,4,0,1,0
4410 => 7,4,0,1,0
4411 => 7,4,0,1,0
4412 => 7,4,0,1,0
4413 => 7,4,0,1,0
4414 => 7,4,0,1,0
4415 => 7,4,0,1,0
4416 => 0,5,0,1,0
4417 => 0,5,0,1,0
4418 => 0,5,0,1,0
4419 => 0,5,0,1,0
4420 => 0,5,0,1,0
4421 => 0,5,0,1,0
4422 => 0,5,0,1,0
4423 => 0,5,0,1,0
4424 => 1,5,0,1,0
4425 => 1,5,0,1,0
4426 => 1,5,0,1,0
4427 => 1,5,0,1,0
4428 => 1,5,0,1,0
4429 => 1,5,0,1,0
4430 => 1,5,0,1,0
4431 => 1,5,0,1,0
4432 => 2,5,0,1,0
4433 => 2,5,0,1,0
4434 => 2,5,0,1,0
4435 => 2,5,0,1,0
4436 => 2,5,0,1,0
4437 => 2,5,0,1,0
4438 => 2,5,0,1,0
4439 => 2,5,0,1,0
4440 => 3,5,0,1,0
4441 => 3,5,0,1,0
4442 => 3,5,0,1,0
4443 => 3,5,0,1,0
4444 => 3,5,0,1,0
4445 => 3,5,0,1,0
4446 => 3,5,0,1,0
4447 => 3,5,0,1,0
4448 => 4,5,0,1,0
4449 => 4,5,0,1,0
4450 => 4,5,0,1,0
4451 => 4,5,0,1,0
4452 => 4,5,0,1,0
4453 => 4,5,0,1,0
4454 => 4,5,0,1,0
4455 => 4,5,0,1,0
4456 => 5,5,0,1,0
4457 => 5,5,0,1,0
4458 => 5,5,0,1,0
4459 => 5,5,0,1,0
4460 => 5,5,0,1,0
4461 => 5,5,0,1,0
4462 => 5,5,0,1,0
4463 => 5,5,0,1,0
4464 => 6,5,0,1,0
4465 => 6,5,0,1,0
4466 => 6,5,0,1,0
4467 => 6,5,0,1,0
4468 => 6,5,0,1,0
4469 => 6,5,0,1,0
4470 => 6,5,0,1,0
4471 => 6,5,0,1,0
4472 => 7,5,0,1,0
4473 => 7,5,0,1,0
4474 => 7,5,0,1,0
4475 => 7,5,0,1,0
4476 => 7,5,0,1,0
4477 => 7,5,0,1,0
4478 => 7,5,0,1,0
4479 => 7,5,0,1,0
4480 => 0,6,0,1,0
4481 => 0,6,0,1,0
4482 => 0,6,0,1,0
4483 => 0,6,0,1,0
4484 => 0,6,0,1,0
4485 => 0,6,0,1,0
4486 => 0,6,0,1,0
4487 => 0,6,0,1,0
4488 => 1,6,0,1,0
4489 => 1,6,0,1,0
4490 => 1,6,0,1,0
4491 => 1,6,0,1,0
4492 => 1,6,0,1,0
4493 => 1,6,0,1,0
4494 => 1,6,0,1,0
4495 => 1,6,0,1,0
4496 => 2,6,0,1,0
4497 => 2,6,0,1,0
4498 => 2,6,0,1,0
4499 => 2,6,0,1,0
4500 => 2,6,0,1,0
4501 => 2,6,0,1,0
4502 => 2,6,0,1,0
4503 => 2,6,0,1,0
4504 => 3,6,0,1,0
4505 => 3,6,0,1,0
4506 => 3,6,0,1,0
4507 => 3,6,0,1,0
4508 => 3,6,0,1,0
4509 => 3,6,0,1,0
4510 => 3,6,0,1,0
4511 => 3,6,0,1,0
4512 => 4,6,0,1,0
4513 => 4,6,0,1,0
4514 => 4,6,0,1,0
4515 => 4,6,0,1,0
4516 => 4,6,0,1,0
4517 => 4,6,0,1,0
4518 => 4,6,0,1,0
4519 => 4,6,0,1,0
4520 => 5,6,0,1,0
4521 => 5,6,0,1,0
4522 => 5,6,0,1,0
4523 => 5,6,0,1,0
4524 => 5,6,0,1,0
4525 => 5,6,0,1,0
4526 => 5,6,0,1,0
4527 => 5,6,0,1,0
4528 => 6,6,0,1,0
4529 => 6,6,0,1,0
4530 => 6,6,0,1,0
4531 => 6,6,0,1,0
4532 => 6,6,0,1,0
4533 => 6,6,0,1,0
4534 => 6,6,0,1,0
4535 => 6,6,0,1,0
4536 => 7,6,0,1,0
4537 => 7,6,0,1,0
4538 => 7,6,0,1,0
4539 => 7,6,0,1,0
4540 => 7,6,0,1,0
4541 => 7,6,0,1,0
4542 => 7,6,0,1,0
4543 => 7,6,0,1,0
4544 => 0,7,0,1,0
4545 => 0,7,0,1,0
4546 => 0,7,0,1,0
4547 => 0,7,0,1,0
4548 => 0,7,0,1,0
4549 => 0,7,0,1,0
4550 => 0,7,0,1,0
4551 => 0,7,0,1,0
4552 => 1,7,0,1,0
4553 => 1,7,0,1,0
4554 => 1,7,0,1,0
4555 => 1,7,0,1,0
4556 => 1,7,0,1,0
4557 => 1,7,0,1,0
4558 => 1,7,0,1,0
4559 => 1,7,0,1,0
4560 => 2,7,0,1,0
4561 => 2,7,0,1,0
4562 => 2,7,0,1,0
4563 => 2,7,0,1,0
4564 => 2,7,0,1,0
4565 => 2,7,0,1,0
4566 => 2,7,0,1,0
4567 => 2,7,0,1,0
4568 => 3,7,0,1,0
4569 => 3,7,0,1,0
4570 => 3,7,0,1,0
4571 => 3,7,0,1,0
4572 => 3,7,0,1,0
4573 => 3,7,0,1,0
4574 => 3,7,0,1,0
4575 => 3,7,0,1,0
4576 => 4,7,0,1,0
4577 => 4,7,0,1,0
4578 => 4,7,0,1,0
4579 => 4,7,0,1,0
4580 => 4,7,0,1,0
4581 => 4,7,0,1,0
4582 => 4,7,0,1,0
4583 => 4,7,0,1,0
4584 => 5,7,0,1,0
4585 => 5,7,0,1,0
4586 => 5,7,0,1,0
4587 => 5,7,0,1,0
4588 => 5,7,0,1,0
4589 => 5,7,0,1,0
4590 => 5,7,0,1,0
4591 => 5,7,0,1,0
4592 => 6,7,0,1,0
4593 => 6,7,0,1,0
4594 => 6,7,0,1,0
4595 => 6,7,0,1,0
4596 => 6,7,0,1,0
4597 => 6,7,0,1,0
4598 => 6,7,0,1,0
4599 => 6,7,0,1,0
4600 => 7,7,0,1,0
4601 => 7,7,0,1,0
4602 => 7,7,0,1,0
4603 => 7,7,0,1,0
4604 => 7,7,0,1,0
4605 => 7,7,0,1,0
4606 => 7,7,0,1,0
4607 => 7,7,0,1,0
4608 => 0,0,1,1,0
4609 => 0,0,1,1,0
4610 => 0,0,1,1,0
4611 => 0,0,1,1,0
4612 => 0,0,1,1,0
4613 => 0,0,1,1,0
4614 => 0,0,1,1,0
4615 => 0,0,1,1,0
4616 => 1,0,1,1,0
4617 => 1,0,1,1,0
4618 => 1,0,1,1,0
4619 => 1,0,1,1,0
4620 => 1,0,1,1,0
4621 => 1,0,1,1,0
4622 => 1,0,1,1,0
4623 => 1,0,1,1,0
4624 => 2,0,1,1,0
4625 => 2,0,1,1,0
4626 => 2,0,1,1,0
4627 => 2,0,1,1,0
4628 => 2,0,1,1,0
4629 => 2,0,1,1,0
4630 => 2,0,1,1,0
4631 => 2,0,1,1,0
4632 => 3,0,1,1,0
4633 => 3,0,1,1,0
4634 => 3,0,1,1,0
4635 => 3,0,1,1,0
4636 => 3,0,1,1,0
4637 => 3,0,1,1,0
4638 => 3,0,1,1,0
4639 => 3,0,1,1,0
4640 => 4,0,1,1,0
4641 => 4,0,1,1,0
4642 => 4,0,1,1,0
4643 => 4,0,1,1,0
4644 => 4,0,1,1,0
4645 => 4,0,1,1,0
4646 => 4,0,1,1,0
4647 => 4,0,1,1,0
4648 => 5,0,1,1,0
4649 => 5,0,1,1,0
4650 => 5,0,1,1,0
4651 => 5,0,1,1,0
4652 => 5,0,1,1,0
4653 => 5,0,1,1,0
4654 => 5,0,1,1,0
4655 => 5,0,1,1,0
4656 => 6,0,1,1,0
4657 => 6,0,1,1,0
4658 => 6,0,1,1,0
4659 => 6,0,1,1,0
4660 => 6,0,1,1,0
4661 => 6,0,1,1,0
4662 => 6,0,1,1,0
4663 => 6,0,1,1,0
4664 => 7,0,1,1,0
4665 => 7,0,1,1,0
4666 => 7,0,1,1,0
4667 => 7,0,1,1,0
4668 => 7,0,1,1,0
4669 => 7,0,1,1,0
4670 => 7,0,1,1,0
4671 => 7,0,1,1,0
4672 => 0,1,1,1,0
4673 => 0,1,1,1,0
4674 => 0,1,1,1,0
4675 => 0,1,1,1,0
4676 => 0,1,1,1,0
4677 => 0,1,1,1,0
4678 => 0,1,1,1,0
4679 => 0,1,1,1,0
4680 => 1,1,1,1,0
4681 => 1,1,1,1,0
4682 => 1,1,1,1,0
4683 => 1,1,1,1,0
4684 => 1,1,1,1,0
4685 => 1,1,1,1,0
4686 => 1,1,1,1,0
4687 => 1,1,1,1,0
4688 => 2,1,1,1,0
4689 => 2,1,1,1,0
4690 => 2,1,1,1,0
4691 => 2,1,1,1,0
4692 => 2,1,1,1,0
4693 => 2,1,1,1,0
4694 => 2,1,1,1,0
4695 => 2,1,1,1,0
4696 => 3,1,1,1,0
4697 => 3,1,1,1,0
4698 => 3,1,1,1,0
4699 => 3,1,1,1,0
4700 => 3,1,1,1,0
4701 => 3,1,1,1,0
4702 => 3,1,1,1,0
4703 => 3,1,1,1,0
4704 => 4,1,1,1,0
4705 => 4,1,1,1,0
4706 => 4,1,1,1,0
4707 => 4,1,1,1,0
4708 => 4,1,1,1,0
4709 => 4,1,1,1,0
4710 => 4,1,1,1,0
4711 => 4,1,1,1,0
4712 => 5,1,1,1,0
4713 => 5,1,1,1,0
4714 => 5,1,1,1,0
4715 => 5,1,1,1,0
4716 => 5,1,1,1,0
4717 => 5,1,1,1,0
4718 => 5,1,1,1,0
4719 => 5,1,1,1,0
4720 => 6,1,1,1,0
4721 => 6,1,1,1,0
4722 => 6,1,1,1,0
4723 => 6,1,1,1,0
4724 => 6,1,1,1,0
4725 => 6,1,1,1,0
4726 => 6,1,1,1,0
4727 => 6,1,1,1,0
4728 => 7,1,1,1,0
4729 => 7,1,1,1,0
4730 => 7,1,1,1,0
4731 => 7,1,1,1,0
4732 => 7,1,1,1,0
4733 => 7,1,1,1,0
4734 => 7,1,1,1,0
4735 => 7,1,1,1,0
4736 => 0,2,1,1,0
4737 => 0,2,1,1,0
4738 => 0,2,1,1,0
4739 => 0,2,1,1,0
4740 => 0,2,1,1,0
4741 => 0,2,1,1,0
4742 => 0,2,1,1,0
4743 => 0,2,1,1,0
4744 => 1,2,1,1,0
4745 => 1,2,1,1,0
4746 => 1,2,1,1,0
4747 => 1,2,1,1,0
4748 => 1,2,1,1,0
4749 => 1,2,1,1,0
4750 => 1,2,1,1,0
4751 => 1,2,1,1,0
4752 => 2,2,1,1,0
4753 => 2,2,1,1,0
4754 => 2,2,1,1,0
4755 => 2,2,1,1,0
4756 => 2,2,1,1,0
4757 => 2,2,1,1,0
4758 => 2,2,1,1,0
4759 => 2,2,1,1,0
4760 => 3,2,1,1,0
4761 => 3,2,1,1,0
4762 => 3,2,1,1,0
4763 => 3,2,1,1,0
4764 => 3,2,1,1,0
4765 => 3,2,1,1,0
4766 => 3,2,1,1,0
4767 => 3,2,1,1,0
4768 => 4,2,1,1,0
4769 => 4,2,1,1,0
4770 => 4,2,1,1,0
4771 => 4,2,1,1,0
4772 => 4,2,1,1,0
4773 => 4,2,1,1,0
4774 => 4,2,1,1,0
4775 => 4,2,1,1,0
4776 => 5,2,1,1,0
4777 => 5,2,1,1,0
4778 => 5,2,1,1,0
4779 => 5,2,1,1,0
4780 => 5,2,1,1,0
4781 => 5,2,1,1,0
4782 => 5,2,1,1,0
4783 => 5,2,1,1,0
4784 => 6,2,1,1,0
4785 => 6,2,1,1,0
4786 => 6,2,1,1,0
4787 => 6,2,1,1,0
4788 => 6,2,1,1,0
4789 => 6,2,1,1,0
4790 => 6,2,1,1,0
4791 => 6,2,1,1,0
4792 => 7,2,1,1,0
4793 => 7,2,1,1,0
4794 => 7,2,1,1,0
4795 => 7,2,1,1,0
4796 => 7,2,1,1,0
4797 => 7,2,1,1,0
4798 => 7,2,1,1,0
4799 => 7,2,1,1,0
4800 => 0,3,1,1,0
4801 => 0,3,1,1,0
4802 => 0,3,1,1,0
4803 => 0,3,1,1,0
4804 => 0,3,1,1,0
4805 => 0,3,1,1,0
4806 => 0,3,1,1,0
4807 => 0,3,1,1,0
4808 => 1,3,1,1,0
4809 => 1,3,1,1,0
4810 => 1,3,1,1,0
4811 => 1,3,1,1,0
4812 => 1,3,1,1,0
4813 => 1,3,1,1,0
4814 => 1,3,1,1,0
4815 => 1,3,1,1,0
4816 => 2,3,1,1,0
4817 => 2,3,1,1,0
4818 => 2,3,1,1,0
4819 => 2,3,1,1,0
4820 => 2,3,1,1,0
4821 => 2,3,1,1,0
4822 => 2,3,1,1,0
4823 => 2,3,1,1,0
4824 => 3,3,1,1,0
4825 => 3,3,1,1,0
4826 => 3,3,1,1,0
4827 => 3,3,1,1,0
4828 => 3,3,1,1,0
4829 => 3,3,1,1,0
4830 => 3,3,1,1,0
4831 => 3,3,1,1,0
4832 => 4,3,1,1,0
4833 => 4,3,1,1,0
4834 => 4,3,1,1,0
4835 => 4,3,1,1,0
4836 => 4,3,1,1,0
4837 => 4,3,1,1,0
4838 => 4,3,1,1,0
4839 => 4,3,1,1,0
4840 => 5,3,1,1,0
4841 => 5,3,1,1,0
4842 => 5,3,1,1,0
4843 => 5,3,1,1,0
4844 => 5,3,1,1,0
4845 => 5,3,1,1,0
4846 => 5,3,1,1,0
4847 => 5,3,1,1,0
4848 => 6,3,1,1,0
4849 => 6,3,1,1,0
4850 => 6,3,1,1,0
4851 => 6,3,1,1,0
4852 => 6,3,1,1,0
4853 => 6,3,1,1,0
4854 => 6,3,1,1,0
4855 => 6,3,1,1,0
4856 => 7,3,1,1,0
4857 => 7,3,1,1,0
4858 => 7,3,1,1,0
4859 => 7,3,1,1,0
4860 => 7,3,1,1,0
4861 => 7,3,1,1,0
4862 => 7,3,1,1,0
4863 => 7,3,1,1,0
4864 => 0,4,1,1,0
4865 => 0,4,1,1,0
4866 => 0,4,1,1,0
4867 => 0,4,1,1,0
4868 => 0,4,1,1,0
4869 => 0,4,1,1,0
4870 => 0,4,1,1,0
4871 => 0,4,1,1,0
4872 => 1,4,1,1,0
4873 => 1,4,1,1,0
4874 => 1,4,1,1,0
4875 => 1,4,1,1,0
4876 => 1,4,1,1,0
4877 => 1,4,1,1,0
4878 => 1,4,1,1,0
4879 => 1,4,1,1,0
4880 => 2,4,1,1,0
4881 => 2,4,1,1,0
4882 => 2,4,1,1,0
4883 => 2,4,1,1,0
4884 => 2,4,1,1,0
4885 => 2,4,1,1,0
4886 => 2,4,1,1,0
4887 => 2,4,1,1,0
4888 => 3,4,1,1,0
4889 => 3,4,1,1,0
4890 => 3,4,1,1,0
4891 => 3,4,1,1,0
4892 => 3,4,1,1,0
4893 => 3,4,1,1,0
4894 => 3,4,1,1,0
4895 => 3,4,1,1,0
4896 => 4,4,1,1,0
4897 => 4,4,1,1,0
4898 => 4,4,1,1,0
4899 => 4,4,1,1,0
4900 => 4,4,1,1,0
4901 => 4,4,1,1,0
4902 => 4,4,1,1,0
4903 => 4,4,1,1,0
4904 => 5,4,1,1,0
4905 => 5,4,1,1,0
4906 => 5,4,1,1,0
4907 => 5,4,1,1,0
4908 => 5,4,1,1,0
4909 => 5,4,1,1,0
4910 => 5,4,1,1,0
4911 => 5,4,1,1,0
4912 => 6,4,1,1,0
4913 => 6,4,1,1,0
4914 => 6,4,1,1,0
4915 => 6,4,1,1,0
4916 => 6,4,1,1,0
4917 => 6,4,1,1,0
4918 => 6,4,1,1,0
4919 => 6,4,1,1,0
4920 => 7,4,1,1,0
4921 => 7,4,1,1,0
4922 => 7,4,1,1,0
4923 => 7,4,1,1,0
4924 => 7,4,1,1,0
4925 => 7,4,1,1,0
4926 => 7,4,1,1,0
4927 => 7,4,1,1,0
4928 => 0,5,1,1,0
4929 => 0,5,1,1,0
4930 => 0,5,1,1,0
4931 => 0,5,1,1,0
4932 => 0,5,1,1,0
4933 => 0,5,1,1,0
4934 => 0,5,1,1,0
4935 => 0,5,1,1,0
4936 => 1,5,1,1,0
4937 => 1,5,1,1,0
4938 => 1,5,1,1,0
4939 => 1,5,1,1,0
4940 => 1,5,1,1,0
4941 => 1,5,1,1,0
4942 => 1,5,1,1,0
4943 => 1,5,1,1,0
4944 => 2,5,1,1,0
4945 => 2,5,1,1,0
4946 => 2,5,1,1,0
4947 => 2,5,1,1,0
4948 => 2,5,1,1,0
4949 => 2,5,1,1,0
4950 => 2,5,1,1,0
4951 => 2,5,1,1,0
4952 => 3,5,1,1,0
4953 => 3,5,1,1,0
4954 => 3,5,1,1,0
4955 => 3,5,1,1,0
4956 => 3,5,1,1,0
4957 => 3,5,1,1,0
4958 => 3,5,1,1,0
4959 => 3,5,1,1,0
4960 => 4,5,1,1,0
4961 => 4,5,1,1,0
4962 => 4,5,1,1,0
4963 => 4,5,1,1,0
4964 => 4,5,1,1,0
4965 => 4,5,1,1,0
4966 => 4,5,1,1,0
4967 => 4,5,1,1,0
4968 => 5,5,1,1,0
4969 => 5,5,1,1,0
4970 => 5,5,1,1,0
4971 => 5,5,1,1,0
4972 => 5,5,1,1,0
4973 => 5,5,1,1,0
4974 => 5,5,1,1,0
4975 => 5,5,1,1,0
4976 => 6,5,1,1,0
4977 => 6,5,1,1,0
4978 => 6,5,1,1,0
4979 => 6,5,1,1,0
4980 => 6,5,1,1,0
4981 => 6,5,1,1,0
4982 => 6,5,1,1,0
4983 => 6,5,1,1,0
4984 => 7,5,1,1,0
4985 => 7,5,1,1,0
4986 => 7,5,1,1,0
4987 => 7,5,1,1,0
4988 => 7,5,1,1,0
4989 => 7,5,1,1,0
4990 => 7,5,1,1,0
4991 => 7,5,1,1,0
4992 => 0,6,1,1,0
4993 => 0,6,1,1,0
4994 => 0,6,1,1,0
4995 => 0,6,1,1,0
4996 => 0,6,1,1,0
4997 => 0,6,1,1,0
4998 => 0,6,1,1,0
4999 => 0,6,1,1,0
5000 => 1,6,1,1,0
5001 => 1,6,1,1,0
5002 => 1,6,1,1,0
5003 => 1,6,1,1,0
5004 => 1,6,1,1,0
5005 => 1,6,1,1,0
5006 => 1,6,1,1,0
5007 => 1,6,1,1,0
5008 => 2,6,1,1,0
5009 => 2,6,1,1,0
5010 => 2,6,1,1,0
5011 => 2,6,1,1,0
5012 => 2,6,1,1,0
5013 => 2,6,1,1,0
5014 => 2,6,1,1,0
5015 => 2,6,1,1,0
5016 => 3,6,1,1,0
5017 => 3,6,1,1,0
5018 => 3,6,1,1,0
5019 => 3,6,1,1,0
5020 => 3,6,1,1,0
5021 => 3,6,1,1,0
5022 => 3,6,1,1,0
5023 => 3,6,1,1,0
5024 => 4,6,1,1,0
5025 => 4,6,1,1,0
5026 => 4,6,1,1,0
5027 => 4,6,1,1,0
5028 => 4,6,1,1,0
5029 => 4,6,1,1,0
5030 => 4,6,1,1,0
5031 => 4,6,1,1,0
5032 => 5,6,1,1,0
5033 => 5,6,1,1,0
5034 => 5,6,1,1,0
5035 => 5,6,1,1,0
5036 => 5,6,1,1,0
5037 => 5,6,1,1,0
5038 => 5,6,1,1,0
5039 => 5,6,1,1,0
5040 => 6,6,1,1,0
5041 => 6,6,1,1,0
5042 => 6,6,1,1,0
5043 => 6,6,1,1,0
5044 => 6,6,1,1,0
5045 => 6,6,1,1,0
5046 => 6,6,1,1,0
5047 => 6,6,1,1,0
5048 => 7,6,1,1,0
5049 => 7,6,1,1,0
5050 => 7,6,1,1,0
5051 => 7,6,1,1,0
5052 => 7,6,1,1,0
5053 => 7,6,1,1,0
5054 => 7,6,1,1,0
5055 => 7,6,1,1,0
5056 => 0,7,1,1,0
5057 => 0,7,1,1,0
5058 => 0,7,1,1,0
5059 => 0,7,1,1,0
5060 => 0,7,1,1,0
5061 => 0,7,1,1,0
5062 => 0,7,1,1,0
5063 => 0,7,1,1,0
5064 => 1,7,1,1,0
5065 => 1,7,1,1,0
5066 => 1,7,1,1,0
5067 => 1,7,1,1,0
5068 => 1,7,1,1,0
5069 => 1,7,1,1,0
5070 => 1,7,1,1,0
5071 => 1,7,1,1,0
5072 => 2,7,1,1,0
5073 => 2,7,1,1,0
5074 => 2,7,1,1,0
5075 => 2,7,1,1,0
5076 => 2,7,1,1,0
5077 => 2,7,1,1,0
5078 => 2,7,1,1,0
5079 => 2,7,1,1,0
5080 => 3,7,1,1,0
5081 => 3,7,1,1,0
5082 => 3,7,1,1,0
5083 => 3,7,1,1,0
5084 => 3,7,1,1,0
5085 => 3,7,1,1,0
5086 => 3,7,1,1,0
5087 => 3,7,1,1,0
5088 => 4,7,1,1,0
5089 => 4,7,1,1,0
5090 => 4,7,1,1,0
5091 => 4,7,1,1,0
5092 => 4,7,1,1,0
5093 => 4,7,1,1,0
5094 => 4,7,1,1,0
5095 => 4,7,1,1,0
5096 => 5,7,1,1,0
5097 => 5,7,1,1,0
5098 => 5,7,1,1,0
5099 => 5,7,1,1,0
5100 => 5,7,1,1,0
5101 => 5,7,1,1,0
5102 => 5,7,1,1,0
5103 => 5,7,1,1,0
5104 => 6,7,1,1,0
5105 => 6,7,1,1,0
5106 => 6,7,1,1,0
5107 => 6,7,1,1,0
5108 => 6,7,1,1,0
5109 => 6,7,1,1,0
5110 => 6,7,1,1,0
5111 => 6,7,1,1,0
5112 => 7,7,1,1,0
5113 => 7,7,1,1,0
5114 => 7,7,1,1,0
5115 => 7,7,1,1,0
5116 => 7,7,1,1,0
5117 => 7,7,1,1,0
5118 => 7,7,1,1,0
5119 => 7,7,1,1,0
5120 => 0,0,2,1,0
5121 => 0,0,2,1,0
5122 => 0,0,2,1,0
5123 => 0,0,2,1,0
5124 => 0,0,2,1,0
5125 => 0,0,2,1,0
5126 => 0,0,2,1,0
5127 => 0,0,2,1,0
5128 => 1,0,2,1,0
5129 => 1,0,2,1,0
5130 => 1,0,2,1,0
5131 => 1,0,2,1,0
5132 => 1,0,2,1,0
5133 => 1,0,2,1,0
5134 => 1,0,2,1,0
5135 => 1,0,2,1,0
5136 => 2,0,2,1,0
5137 => 2,0,2,1,0
5138 => 2,0,2,1,0
5139 => 2,0,2,1,0
5140 => 2,0,2,1,0
5141 => 2,0,2,1,0
5142 => 2,0,2,1,0
5143 => 2,0,2,1,0
5144 => 3,0,2,1,0
5145 => 3,0,2,1,0
5146 => 3,0,2,1,0
5147 => 3,0,2,1,0
5148 => 3,0,2,1,0
5149 => 3,0,2,1,0
5150 => 3,0,2,1,0
5151 => 3,0,2,1,0
5152 => 4,0,2,1,0
5153 => 4,0,2,1,0
5154 => 4,0,2,1,0
5155 => 4,0,2,1,0
5156 => 4,0,2,1,0
5157 => 4,0,2,1,0
5158 => 4,0,2,1,0
5159 => 4,0,2,1,0
5160 => 5,0,2,1,0
5161 => 5,0,2,1,0
5162 => 5,0,2,1,0
5163 => 5,0,2,1,0
5164 => 5,0,2,1,0
5165 => 5,0,2,1,0
5166 => 5,0,2,1,0
5167 => 5,0,2,1,0
5168 => 6,0,2,1,0
5169 => 6,0,2,1,0
5170 => 6,0,2,1,0
5171 => 6,0,2,1,0
5172 => 6,0,2,1,0
5173 => 6,0,2,1,0
5174 => 6,0,2,1,0
5175 => 6,0,2,1,0
5176 => 7,0,2,1,0
5177 => 7,0,2,1,0
5178 => 7,0,2,1,0
5179 => 7,0,2,1,0
5180 => 7,0,2,1,0
5181 => 7,0,2,1,0
5182 => 7,0,2,1,0
5183 => 7,0,2,1,0
5184 => 0,1,2,1,0
5185 => 0,1,2,1,0
5186 => 0,1,2,1,0
5187 => 0,1,2,1,0
5188 => 0,1,2,1,0
5189 => 0,1,2,1,0
5190 => 0,1,2,1,0
5191 => 0,1,2,1,0
5192 => 1,1,2,1,0
5193 => 1,1,2,1,0
5194 => 1,1,2,1,0
5195 => 1,1,2,1,0
5196 => 1,1,2,1,0
5197 => 1,1,2,1,0
5198 => 1,1,2,1,0
5199 => 1,1,2,1,0
5200 => 2,1,2,1,0
5201 => 2,1,2,1,0
5202 => 2,1,2,1,0
5203 => 2,1,2,1,0
5204 => 2,1,2,1,0
5205 => 2,1,2,1,0
5206 => 2,1,2,1,0
5207 => 2,1,2,1,0
5208 => 3,1,2,1,0
5209 => 3,1,2,1,0
5210 => 3,1,2,1,0
5211 => 3,1,2,1,0
5212 => 3,1,2,1,0
5213 => 3,1,2,1,0
5214 => 3,1,2,1,0
5215 => 3,1,2,1,0
5216 => 4,1,2,1,0
5217 => 4,1,2,1,0
5218 => 4,1,2,1,0
5219 => 4,1,2,1,0
5220 => 4,1,2,1,0
5221 => 4,1,2,1,0
5222 => 4,1,2,1,0
5223 => 4,1,2,1,0
5224 => 5,1,2,1,0
5225 => 5,1,2,1,0
5226 => 5,1,2,1,0
5227 => 5,1,2,1,0
5228 => 5,1,2,1,0
5229 => 5,1,2,1,0
5230 => 5,1,2,1,0
5231 => 5,1,2,1,0
5232 => 6,1,2,1,0
5233 => 6,1,2,1,0
5234 => 6,1,2,1,0
5235 => 6,1,2,1,0
5236 => 6,1,2,1,0
5237 => 6,1,2,1,0
5238 => 6,1,2,1,0
5239 => 6,1,2,1,0
5240 => 7,1,2,1,0
5241 => 7,1,2,1,0
5242 => 7,1,2,1,0
5243 => 7,1,2,1,0
5244 => 7,1,2,1,0
5245 => 7,1,2,1,0
5246 => 7,1,2,1,0
5247 => 7,1,2,1,0
5248 => 0,2,2,1,0
5249 => 0,2,2,1,0
5250 => 0,2,2,1,0
5251 => 0,2,2,1,0
5252 => 0,2,2,1,0
5253 => 0,2,2,1,0
5254 => 0,2,2,1,0
5255 => 0,2,2,1,0
5256 => 1,2,2,1,0
5257 => 1,2,2,1,0
5258 => 1,2,2,1,0
5259 => 1,2,2,1,0
5260 => 1,2,2,1,0
5261 => 1,2,2,1,0
5262 => 1,2,2,1,0
5263 => 1,2,2,1,0
5264 => 2,2,2,1,0
5265 => 2,2,2,1,0
5266 => 2,2,2,1,0
5267 => 2,2,2,1,0
5268 => 2,2,2,1,0
5269 => 2,2,2,1,0
5270 => 2,2,2,1,0
5271 => 2,2,2,1,0
5272 => 3,2,2,1,0
5273 => 3,2,2,1,0
5274 => 3,2,2,1,0
5275 => 3,2,2,1,0
5276 => 3,2,2,1,0
5277 => 3,2,2,1,0
5278 => 3,2,2,1,0
5279 => 3,2,2,1,0
5280 => 4,2,2,1,0
5281 => 4,2,2,1,0
5282 => 4,2,2,1,0
5283 => 4,2,2,1,0
5284 => 4,2,2,1,0
5285 => 4,2,2,1,0
5286 => 4,2,2,1,0
5287 => 4,2,2,1,0
5288 => 5,2,2,1,0
5289 => 5,2,2,1,0
5290 => 5,2,2,1,0
5291 => 5,2,2,1,0
5292 => 5,2,2,1,0
5293 => 5,2,2,1,0
5294 => 5,2,2,1,0
5295 => 5,2,2,1,0
5296 => 6,2,2,1,0
5297 => 6,2,2,1,0
5298 => 6,2,2,1,0
5299 => 6,2,2,1,0
5300 => 6,2,2,1,0
5301 => 6,2,2,1,0
5302 => 6,2,2,1,0
5303 => 6,2,2,1,0
5304 => 7,2,2,1,0
5305 => 7,2,2,1,0
5306 => 7,2,2,1,0
5307 => 7,2,2,1,0
5308 => 7,2,2,1,0
5309 => 7,2,2,1,0
5310 => 7,2,2,1,0
5311 => 7,2,2,1,0
5312 => 0,3,2,1,0
5313 => 0,3,2,1,0
5314 => 0,3,2,1,0
5315 => 0,3,2,1,0
5316 => 0,3,2,1,0
5317 => 0,3,2,1,0
5318 => 0,3,2,1,0
5319 => 0,3,2,1,0
5320 => 1,3,2,1,0
5321 => 1,3,2,1,0
5322 => 1,3,2,1,0
5323 => 1,3,2,1,0
5324 => 1,3,2,1,0
5325 => 1,3,2,1,0
5326 => 1,3,2,1,0
5327 => 1,3,2,1,0
5328 => 2,3,2,1,0
5329 => 2,3,2,1,0
5330 => 2,3,2,1,0
5331 => 2,3,2,1,0
5332 => 2,3,2,1,0
5333 => 2,3,2,1,0
5334 => 2,3,2,1,0
5335 => 2,3,2,1,0
5336 => 3,3,2,1,0
5337 => 3,3,2,1,0
5338 => 3,3,2,1,0
5339 => 3,3,2,1,0
5340 => 3,3,2,1,0
5341 => 3,3,2,1,0
5342 => 3,3,2,1,0
5343 => 3,3,2,1,0
5344 => 4,3,2,1,0
5345 => 4,3,2,1,0
5346 => 4,3,2,1,0
5347 => 4,3,2,1,0
5348 => 4,3,2,1,0
5349 => 4,3,2,1,0
5350 => 4,3,2,1,0
5351 => 4,3,2,1,0
5352 => 5,3,2,1,0
5353 => 5,3,2,1,0
5354 => 5,3,2,1,0
5355 => 5,3,2,1,0
5356 => 5,3,2,1,0
5357 => 5,3,2,1,0
5358 => 5,3,2,1,0
5359 => 5,3,2,1,0
5360 => 6,3,2,1,0
5361 => 6,3,2,1,0
5362 => 6,3,2,1,0
5363 => 6,3,2,1,0
5364 => 6,3,2,1,0
5365 => 6,3,2,1,0
5366 => 6,3,2,1,0
5367 => 6,3,2,1,0
5368 => 7,3,2,1,0
5369 => 7,3,2,1,0
5370 => 7,3,2,1,0
5371 => 7,3,2,1,0
5372 => 7,3,2,1,0
5373 => 7,3,2,1,0
5374 => 7,3,2,1,0
5375 => 7,3,2,1,0
5376 => 0,4,2,1,0
5377 => 0,4,2,1,0
5378 => 0,4,2,1,0
5379 => 0,4,2,1,0
5380 => 0,4,2,1,0
5381 => 0,4,2,1,0
5382 => 0,4,2,1,0
5383 => 0,4,2,1,0
5384 => 1,4,2,1,0
5385 => 1,4,2,1,0
5386 => 1,4,2,1,0
5387 => 1,4,2,1,0
5388 => 1,4,2,1,0
5389 => 1,4,2,1,0
5390 => 1,4,2,1,0
5391 => 1,4,2,1,0
5392 => 2,4,2,1,0
5393 => 2,4,2,1,0
5394 => 2,4,2,1,0
5395 => 2,4,2,1,0
5396 => 2,4,2,1,0
5397 => 2,4,2,1,0
5398 => 2,4,2,1,0
5399 => 2,4,2,1,0
5400 => 3,4,2,1,0
5401 => 3,4,2,1,0
5402 => 3,4,2,1,0
5403 => 3,4,2,1,0
5404 => 3,4,2,1,0
5405 => 3,4,2,1,0
5406 => 3,4,2,1,0
5407 => 3,4,2,1,0
5408 => 4,4,2,1,0
5409 => 4,4,2,1,0
5410 => 4,4,2,1,0
5411 => 4,4,2,1,0
5412 => 4,4,2,1,0
5413 => 4,4,2,1,0
5414 => 4,4,2,1,0
5415 => 4,4,2,1,0
5416 => 5,4,2,1,0
5417 => 5,4,2,1,0
5418 => 5,4,2,1,0
5419 => 5,4,2,1,0
5420 => 5,4,2,1,0
5421 => 5,4,2,1,0
5422 => 5,4,2,1,0
5423 => 5,4,2,1,0
5424 => 6,4,2,1,0
5425 => 6,4,2,1,0
5426 => 6,4,2,1,0
5427 => 6,4,2,1,0
5428 => 6,4,2,1,0
5429 => 6,4,2,1,0
5430 => 6,4,2,1,0
5431 => 6,4,2,1,0
5432 => 7,4,2,1,0
5433 => 7,4,2,1,0
5434 => 7,4,2,1,0
5435 => 7,4,2,1,0
5436 => 7,4,2,1,0
5437 => 7,4,2,1,0
5438 => 7,4,2,1,0
5439 => 7,4,2,1,0
5440 => 0,5,2,1,0
5441 => 0,5,2,1,0
5442 => 0,5,2,1,0
5443 => 0,5,2,1,0
5444 => 0,5,2,1,0
5445 => 0,5,2,1,0
5446 => 0,5,2,1,0
5447 => 0,5,2,1,0
5448 => 1,5,2,1,0
5449 => 1,5,2,1,0
5450 => 1,5,2,1,0
5451 => 1,5,2,1,0
5452 => 1,5,2,1,0
5453 => 1,5,2,1,0
5454 => 1,5,2,1,0
5455 => 1,5,2,1,0
5456 => 2,5,2,1,0
5457 => 2,5,2,1,0
5458 => 2,5,2,1,0
5459 => 2,5,2,1,0
5460 => 2,5,2,1,0
5461 => 2,5,2,1,0
5462 => 2,5,2,1,0
5463 => 2,5,2,1,0
5464 => 3,5,2,1,0
5465 => 3,5,2,1,0
5466 => 3,5,2,1,0
5467 => 3,5,2,1,0
5468 => 3,5,2,1,0
5469 => 3,5,2,1,0
5470 => 3,5,2,1,0
5471 => 3,5,2,1,0
5472 => 4,5,2,1,0
5473 => 4,5,2,1,0
5474 => 4,5,2,1,0
5475 => 4,5,2,1,0
5476 => 4,5,2,1,0
5477 => 4,5,2,1,0
5478 => 4,5,2,1,0
5479 => 4,5,2,1,0
5480 => 5,5,2,1,0
5481 => 5,5,2,1,0
5482 => 5,5,2,1,0
5483 => 5,5,2,1,0
5484 => 5,5,2,1,0
5485 => 5,5,2,1,0
5486 => 5,5,2,1,0
5487 => 5,5,2,1,0
5488 => 6,5,2,1,0
5489 => 6,5,2,1,0
5490 => 6,5,2,1,0
5491 => 6,5,2,1,0
5492 => 6,5,2,1,0
5493 => 6,5,2,1,0
5494 => 6,5,2,1,0
5495 => 6,5,2,1,0
5496 => 7,5,2,1,0
5497 => 7,5,2,1,0
5498 => 7,5,2,1,0
5499 => 7,5,2,1,0
5500 => 7,5,2,1,0
5501 => 7,5,2,1,0
5502 => 7,5,2,1,0
5503 => 7,5,2,1,0
5504 => 0,6,2,1,0
5505 => 0,6,2,1,0
5506 => 0,6,2,1,0
5507 => 0,6,2,1,0
5508 => 0,6,2,1,0
5509 => 0,6,2,1,0
5510 => 0,6,2,1,0
5511 => 0,6,2,1,0
5512 => 1,6,2,1,0
5513 => 1,6,2,1,0
5514 => 1,6,2,1,0
5515 => 1,6,2,1,0
5516 => 1,6,2,1,0
5517 => 1,6,2,1,0
5518 => 1,6,2,1,0
5519 => 1,6,2,1,0
5520 => 2,6,2,1,0
5521 => 2,6,2,1,0
5522 => 2,6,2,1,0
5523 => 2,6,2,1,0
5524 => 2,6,2,1,0
5525 => 2,6,2,1,0
5526 => 2,6,2,1,0
5527 => 2,6,2,1,0
5528 => 3,6,2,1,0
5529 => 3,6,2,1,0
5530 => 3,6,2,1,0
5531 => 3,6,2,1,0
5532 => 3,6,2,1,0
5533 => 3,6,2,1,0
5534 => 3,6,2,1,0
5535 => 3,6,2,1,0
5536 => 4,6,2,1,0
5537 => 4,6,2,1,0
5538 => 4,6,2,1,0
5539 => 4,6,2,1,0
5540 => 4,6,2,1,0
5541 => 4,6,2,1,0
5542 => 4,6,2,1,0
5543 => 4,6,2,1,0
5544 => 5,6,2,1,0
5545 => 5,6,2,1,0
5546 => 5,6,2,1,0
5547 => 5,6,2,1,0
5548 => 5,6,2,1,0
5549 => 5,6,2,1,0
5550 => 5,6,2,1,0
5551 => 5,6,2,1,0
5552 => 6,6,2,1,0
5553 => 6,6,2,1,0
5554 => 6,6,2,1,0
5555 => 6,6,2,1,0
5556 => 6,6,2,1,0
5557 => 6,6,2,1,0
5558 => 6,6,2,1,0
5559 => 6,6,2,1,0
5560 => 7,6,2,1,0
5561 => 7,6,2,1,0
5562 => 7,6,2,1,0
5563 => 7,6,2,1,0
5564 => 7,6,2,1,0
5565 => 7,6,2,1,0
5566 => 7,6,2,1,0
5567 => 7,6,2,1,0
5568 => 0,7,2,1,0
5569 => 0,7,2,1,0
5570 => 0,7,2,1,0
5571 => 0,7,2,1,0
5572 => 0,7,2,1,0
5573 => 0,7,2,1,0
5574 => 0,7,2,1,0
5575 => 0,7,2,1,0
5576 => 1,7,2,1,0
5577 => 1,7,2,1,0
5578 => 1,7,2,1,0
5579 => 1,7,2,1,0
5580 => 1,7,2,1,0
5581 => 1,7,2,1,0
5582 => 1,7,2,1,0
5583 => 1,7,2,1,0
5584 => 2,7,2,1,0
5585 => 2,7,2,1,0
5586 => 2,7,2,1,0
5587 => 2,7,2,1,0
5588 => 2,7,2,1,0
5589 => 2,7,2,1,0
5590 => 2,7,2,1,0
5591 => 2,7,2,1,0
5592 => 3,7,2,1,0
5593 => 3,7,2,1,0
5594 => 3,7,2,1,0
5595 => 3,7,2,1,0
5596 => 3,7,2,1,0
5597 => 3,7,2,1,0
5598 => 3,7,2,1,0
5599 => 3,7,2,1,0
5600 => 4,7,2,1,0
5601 => 4,7,2,1,0
5602 => 4,7,2,1,0
5603 => 4,7,2,1,0
5604 => 4,7,2,1,0
5605 => 4,7,2,1,0
5606 => 4,7,2,1,0
5607 => 4,7,2,1,0
5608 => 5,7,2,1,0
5609 => 5,7,2,1,0
5610 => 5,7,2,1,0
5611 => 5,7,2,1,0
5612 => 5,7,2,1,0
5613 => 5,7,2,1,0
5614 => 5,7,2,1,0
5615 => 5,7,2,1,0
5616 => 6,7,2,1,0
5617 => 6,7,2,1,0
5618 => 6,7,2,1,0
5619 => 6,7,2,1,0
5620 => 6,7,2,1,0
5621 => 6,7,2,1,0
5622 => 6,7,2,1,0
5623 => 6,7,2,1,0
5624 => 7,7,2,1,0
5625 => 7,7,2,1,0
5626 => 7,7,2,1,0
5627 => 7,7,2,1,0
5628 => 7,7,2,1,0
5629 => 7,7,2,1,0
5630 => 7,7,2,1,0
5631 => 7,7,2,1,0
5632 => 0,0,3,1,0
5633 => 0,0,3,1,0
5634 => 0,0,3,1,0
5635 => 0,0,3,1,0
5636 => 0,0,3,1,0
5637 => 0,0,3,1,0
5638 => 0,0,3,1,0
5639 => 0,0,3,1,0
5640 => 1,0,3,1,0
5641 => 1,0,3,1,0
5642 => 1,0,3,1,0
5643 => 1,0,3,1,0
5644 => 1,0,3,1,0
5645 => 1,0,3,1,0
5646 => 1,0,3,1,0
5647 => 1,0,3,1,0
5648 => 2,0,3,1,0
5649 => 2,0,3,1,0
5650 => 2,0,3,1,0
5651 => 2,0,3,1,0
5652 => 2,0,3,1,0
5653 => 2,0,3,1,0
5654 => 2,0,3,1,0
5655 => 2,0,3,1,0
5656 => 3,0,3,1,0
5657 => 3,0,3,1,0
5658 => 3,0,3,1,0
5659 => 3,0,3,1,0
5660 => 3,0,3,1,0
5661 => 3,0,3,1,0
5662 => 3,0,3,1,0
5663 => 3,0,3,1,0
5664 => 4,0,3,1,0
5665 => 4,0,3,1,0
5666 => 4,0,3,1,0
5667 => 4,0,3,1,0
5668 => 4,0,3,1,0
5669 => 4,0,3,1,0
5670 => 4,0,3,1,0
5671 => 4,0,3,1,0
5672 => 5,0,3,1,0
5673 => 5,0,3,1,0
5674 => 5,0,3,1,0
5675 => 5,0,3,1,0
5676 => 5,0,3,1,0
5677 => 5,0,3,1,0
5678 => 5,0,3,1,0
5679 => 5,0,3,1,0
5680 => 6,0,3,1,0
5681 => 6,0,3,1,0
5682 => 6,0,3,1,0
5683 => 6,0,3,1,0
5684 => 6,0,3,1,0
5685 => 6,0,3,1,0
5686 => 6,0,3,1,0
5687 => 6,0,3,1,0
5688 => 7,0,3,1,0
5689 => 7,0,3,1,0
5690 => 7,0,3,1,0
5691 => 7,0,3,1,0
5692 => 7,0,3,1,0
5693 => 7,0,3,1,0
5694 => 7,0,3,1,0
5695 => 7,0,3,1,0
5696 => 0,1,3,1,0
5697 => 0,1,3,1,0
5698 => 0,1,3,1,0
5699 => 0,1,3,1,0
5700 => 0,1,3,1,0
5701 => 0,1,3,1,0
5702 => 0,1,3,1,0
5703 => 0,1,3,1,0
5704 => 1,1,3,1,0
5705 => 1,1,3,1,0
5706 => 1,1,3,1,0
5707 => 1,1,3,1,0
5708 => 1,1,3,1,0
5709 => 1,1,3,1,0
5710 => 1,1,3,1,0
5711 => 1,1,3,1,0
5712 => 2,1,3,1,0
5713 => 2,1,3,1,0
5714 => 2,1,3,1,0
5715 => 2,1,3,1,0
5716 => 2,1,3,1,0
5717 => 2,1,3,1,0
5718 => 2,1,3,1,0
5719 => 2,1,3,1,0
5720 => 3,1,3,1,0
5721 => 3,1,3,1,0
5722 => 3,1,3,1,0
5723 => 3,1,3,1,0
5724 => 3,1,3,1,0
5725 => 3,1,3,1,0
5726 => 3,1,3,1,0
5727 => 3,1,3,1,0
5728 => 4,1,3,1,0
5729 => 4,1,3,1,0
5730 => 4,1,3,1,0
5731 => 4,1,3,1,0
5732 => 4,1,3,1,0
5733 => 4,1,3,1,0
5734 => 4,1,3,1,0
5735 => 4,1,3,1,0
5736 => 5,1,3,1,0
5737 => 5,1,3,1,0
5738 => 5,1,3,1,0
5739 => 5,1,3,1,0
5740 => 5,1,3,1,0
5741 => 5,1,3,1,0
5742 => 5,1,3,1,0
5743 => 5,1,3,1,0
5744 => 6,1,3,1,0
5745 => 6,1,3,1,0
5746 => 6,1,3,1,0
5747 => 6,1,3,1,0
5748 => 6,1,3,1,0
5749 => 6,1,3,1,0
5750 => 6,1,3,1,0
5751 => 6,1,3,1,0
5752 => 7,1,3,1,0
5753 => 7,1,3,1,0
5754 => 7,1,3,1,0
5755 => 7,1,3,1,0
5756 => 7,1,3,1,0
5757 => 7,1,3,1,0
5758 => 7,1,3,1,0
5759 => 7,1,3,1,0
5760 => 0,2,3,1,0
5761 => 0,2,3,1,0
5762 => 0,2,3,1,0
5763 => 0,2,3,1,0
5764 => 0,2,3,1,0
5765 => 0,2,3,1,0
5766 => 0,2,3,1,0
5767 => 0,2,3,1,0
5768 => 1,2,3,1,0
5769 => 1,2,3,1,0
5770 => 1,2,3,1,0
5771 => 1,2,3,1,0
5772 => 1,2,3,1,0
5773 => 1,2,3,1,0
5774 => 1,2,3,1,0
5775 => 1,2,3,1,0
5776 => 2,2,3,1,0
5777 => 2,2,3,1,0
5778 => 2,2,3,1,0
5779 => 2,2,3,1,0
5780 => 2,2,3,1,0
5781 => 2,2,3,1,0
5782 => 2,2,3,1,0
5783 => 2,2,3,1,0
5784 => 3,2,3,1,0
5785 => 3,2,3,1,0
5786 => 3,2,3,1,0
5787 => 3,2,3,1,0
5788 => 3,2,3,1,0
5789 => 3,2,3,1,0
5790 => 3,2,3,1,0
5791 => 3,2,3,1,0
5792 => 4,2,3,1,0
5793 => 4,2,3,1,0
5794 => 4,2,3,1,0
5795 => 4,2,3,1,0
5796 => 4,2,3,1,0
5797 => 4,2,3,1,0
5798 => 4,2,3,1,0
5799 => 4,2,3,1,0
5800 => 5,2,3,1,0
5801 => 5,2,3,1,0
5802 => 5,2,3,1,0
5803 => 5,2,3,1,0
5804 => 5,2,3,1,0
5805 => 5,2,3,1,0
5806 => 5,2,3,1,0
5807 => 5,2,3,1,0
5808 => 6,2,3,1,0
5809 => 6,2,3,1,0
5810 => 6,2,3,1,0
5811 => 6,2,3,1,0
5812 => 6,2,3,1,0
5813 => 6,2,3,1,0
5814 => 6,2,3,1,0
5815 => 6,2,3,1,0
5816 => 7,2,3,1,0
5817 => 7,2,3,1,0
5818 => 7,2,3,1,0
5819 => 7,2,3,1,0
5820 => 7,2,3,1,0
5821 => 7,2,3,1,0
5822 => 7,2,3,1,0
5823 => 7,2,3,1,0
5824 => 0,3,3,1,0
5825 => 0,3,3,1,0
5826 => 0,3,3,1,0
5827 => 0,3,3,1,0
5828 => 0,3,3,1,0
5829 => 0,3,3,1,0
5830 => 0,3,3,1,0
5831 => 0,3,3,1,0
5832 => 1,3,3,1,0
5833 => 1,3,3,1,0
5834 => 1,3,3,1,0
5835 => 1,3,3,1,0
5836 => 1,3,3,1,0
5837 => 1,3,3,1,0
5838 => 1,3,3,1,0
5839 => 1,3,3,1,0
5840 => 2,3,3,1,0
5841 => 2,3,3,1,0
5842 => 2,3,3,1,0
5843 => 2,3,3,1,0
5844 => 2,3,3,1,0
5845 => 2,3,3,1,0
5846 => 2,3,3,1,0
5847 => 2,3,3,1,0
5848 => 3,3,3,1,0
5849 => 3,3,3,1,0
5850 => 3,3,3,1,0
5851 => 3,3,3,1,0
5852 => 3,3,3,1,0
5853 => 3,3,3,1,0
5854 => 3,3,3,1,0
5855 => 3,3,3,1,0
5856 => 4,3,3,1,0
5857 => 4,3,3,1,0
5858 => 4,3,3,1,0
5859 => 4,3,3,1,0
5860 => 4,3,3,1,0
5861 => 4,3,3,1,0
5862 => 4,3,3,1,0
5863 => 4,3,3,1,0
5864 => 5,3,3,1,0
5865 => 5,3,3,1,0
5866 => 5,3,3,1,0
5867 => 5,3,3,1,0
5868 => 5,3,3,1,0
5869 => 5,3,3,1,0
5870 => 5,3,3,1,0
5871 => 5,3,3,1,0
5872 => 6,3,3,1,0
5873 => 6,3,3,1,0
5874 => 6,3,3,1,0
5875 => 6,3,3,1,0
5876 => 6,3,3,1,0
5877 => 6,3,3,1,0
5878 => 6,3,3,1,0
5879 => 6,3,3,1,0
5880 => 7,3,3,1,0
5881 => 7,3,3,1,0
5882 => 7,3,3,1,0
5883 => 7,3,3,1,0
5884 => 7,3,3,1,0
5885 => 7,3,3,1,0
5886 => 7,3,3,1,0
5887 => 7,3,3,1,0
5888 => 0,4,3,1,0
5889 => 0,4,3,1,0
5890 => 0,4,3,1,0
5891 => 0,4,3,1,0
5892 => 0,4,3,1,0
5893 => 0,4,3,1,0
5894 => 0,4,3,1,0
5895 => 0,4,3,1,0
5896 => 1,4,3,1,0
5897 => 1,4,3,1,0
5898 => 1,4,3,1,0
5899 => 1,4,3,1,0
5900 => 1,4,3,1,0
5901 => 1,4,3,1,0
5902 => 1,4,3,1,0
5903 => 1,4,3,1,0
5904 => 2,4,3,1,0
5905 => 2,4,3,1,0
5906 => 2,4,3,1,0
5907 => 2,4,3,1,0
5908 => 2,4,3,1,0
5909 => 2,4,3,1,0
5910 => 2,4,3,1,0
5911 => 2,4,3,1,0
5912 => 3,4,3,1,0
5913 => 3,4,3,1,0
5914 => 3,4,3,1,0
5915 => 3,4,3,1,0
5916 => 3,4,3,1,0
5917 => 3,4,3,1,0
5918 => 3,4,3,1,0
5919 => 3,4,3,1,0
5920 => 4,4,3,1,0
5921 => 4,4,3,1,0
5922 => 4,4,3,1,0
5923 => 4,4,3,1,0
5924 => 4,4,3,1,0
5925 => 4,4,3,1,0
5926 => 4,4,3,1,0
5927 => 4,4,3,1,0
5928 => 5,4,3,1,0
5929 => 5,4,3,1,0
5930 => 5,4,3,1,0
5931 => 5,4,3,1,0
5932 => 5,4,3,1,0
5933 => 5,4,3,1,0
5934 => 5,4,3,1,0
5935 => 5,4,3,1,0
5936 => 6,4,3,1,0
5937 => 6,4,3,1,0
5938 => 6,4,3,1,0
5939 => 6,4,3,1,0
5940 => 6,4,3,1,0
5941 => 6,4,3,1,0
5942 => 6,4,3,1,0
5943 => 6,4,3,1,0
5944 => 7,4,3,1,0
5945 => 7,4,3,1,0
5946 => 7,4,3,1,0
5947 => 7,4,3,1,0
5948 => 7,4,3,1,0
5949 => 7,4,3,1,0
5950 => 7,4,3,1,0
5951 => 7,4,3,1,0
5952 => 0,5,3,1,0
5953 => 0,5,3,1,0
5954 => 0,5,3,1,0
5955 => 0,5,3,1,0
5956 => 0,5,3,1,0
5957 => 0,5,3,1,0
5958 => 0,5,3,1,0
5959 => 0,5,3,1,0
5960 => 1,5,3,1,0
5961 => 1,5,3,1,0
5962 => 1,5,3,1,0
5963 => 1,5,3,1,0
5964 => 1,5,3,1,0
5965 => 1,5,3,1,0
5966 => 1,5,3,1,0
5967 => 1,5,3,1,0
5968 => 2,5,3,1,0
5969 => 2,5,3,1,0
5970 => 2,5,3,1,0
5971 => 2,5,3,1,0
5972 => 2,5,3,1,0
5973 => 2,5,3,1,0
5974 => 2,5,3,1,0
5975 => 2,5,3,1,0
5976 => 3,5,3,1,0
5977 => 3,5,3,1,0
5978 => 3,5,3,1,0
5979 => 3,5,3,1,0
5980 => 3,5,3,1,0
5981 => 3,5,3,1,0
5982 => 3,5,3,1,0
5983 => 3,5,3,1,0
5984 => 4,5,3,1,0
5985 => 4,5,3,1,0
5986 => 4,5,3,1,0
5987 => 4,5,3,1,0
5988 => 4,5,3,1,0
5989 => 4,5,3,1,0
5990 => 4,5,3,1,0
5991 => 4,5,3,1,0
5992 => 5,5,3,1,0
5993 => 5,5,3,1,0
5994 => 5,5,3,1,0
5995 => 5,5,3,1,0
5996 => 5,5,3,1,0
5997 => 5,5,3,1,0
5998 => 5,5,3,1,0
5999 => 5,5,3,1,0
6000 => 6,5,3,1,0
6001 => 6,5,3,1,0
6002 => 6,5,3,1,0
6003 => 6,5,3,1,0
6004 => 6,5,3,1,0
6005 => 6,5,3,1,0
6006 => 6,5,3,1,0
6007 => 6,5,3,1,0
6008 => 7,5,3,1,0
6009 => 7,5,3,1,0
6010 => 7,5,3,1,0
6011 => 7,5,3,1,0
6012 => 7,5,3,1,0
6013 => 7,5,3,1,0
6014 => 7,5,3,1,0
6015 => 7,5,3,1,0
6016 => 0,6,3,1,0
6017 => 0,6,3,1,0
6018 => 0,6,3,1,0
6019 => 0,6,3,1,0
6020 => 0,6,3,1,0
6021 => 0,6,3,1,0
6022 => 0,6,3,1,0
6023 => 0,6,3,1,0
6024 => 1,6,3,1,0
6025 => 1,6,3,1,0
6026 => 1,6,3,1,0
6027 => 1,6,3,1,0
6028 => 1,6,3,1,0
6029 => 1,6,3,1,0
6030 => 1,6,3,1,0
6031 => 1,6,3,1,0
6032 => 2,6,3,1,0
6033 => 2,6,3,1,0
6034 => 2,6,3,1,0
6035 => 2,6,3,1,0
6036 => 2,6,3,1,0
6037 => 2,6,3,1,0
6038 => 2,6,3,1,0
6039 => 2,6,3,1,0
6040 => 3,6,3,1,0
6041 => 3,6,3,1,0
6042 => 3,6,3,1,0
6043 => 3,6,3,1,0
6044 => 3,6,3,1,0
6045 => 3,6,3,1,0
6046 => 3,6,3,1,0
6047 => 3,6,3,1,0
6048 => 4,6,3,1,0
6049 => 4,6,3,1,0
6050 => 4,6,3,1,0
6051 => 4,6,3,1,0
6052 => 4,6,3,1,0
6053 => 4,6,3,1,0
6054 => 4,6,3,1,0
6055 => 4,6,3,1,0
6056 => 5,6,3,1,0
6057 => 5,6,3,1,0
6058 => 5,6,3,1,0
6059 => 5,6,3,1,0
6060 => 5,6,3,1,0
6061 => 5,6,3,1,0
6062 => 5,6,3,1,0
6063 => 5,6,3,1,0
6064 => 6,6,3,1,0
6065 => 6,6,3,1,0
6066 => 6,6,3,1,0
6067 => 6,6,3,1,0
6068 => 6,6,3,1,0
6069 => 6,6,3,1,0
6070 => 6,6,3,1,0
6071 => 6,6,3,1,0
6072 => 7,6,3,1,0
6073 => 7,6,3,1,0
6074 => 7,6,3,1,0
6075 => 7,6,3,1,0
6076 => 7,6,3,1,0
6077 => 7,6,3,1,0
6078 => 7,6,3,1,0
6079 => 7,6,3,1,0
6080 => 0,7,3,1,0
6081 => 0,7,3,1,0
6082 => 0,7,3,1,0
6083 => 0,7,3,1,0
6084 => 0,7,3,1,0
6085 => 0,7,3,1,0
6086 => 0,7,3,1,0
6087 => 0,7,3,1,0
6088 => 1,7,3,1,0
6089 => 1,7,3,1,0
6090 => 1,7,3,1,0
6091 => 1,7,3,1,0
6092 => 1,7,3,1,0
6093 => 1,7,3,1,0
6094 => 1,7,3,1,0
6095 => 1,7,3,1,0
6096 => 2,7,3,1,0
6097 => 2,7,3,1,0
6098 => 2,7,3,1,0
6099 => 2,7,3,1,0
6100 => 2,7,3,1,0
6101 => 2,7,3,1,0
6102 => 2,7,3,1,0
6103 => 2,7,3,1,0
6104 => 3,7,3,1,0
6105 => 3,7,3,1,0
6106 => 3,7,3,1,0
6107 => 3,7,3,1,0
6108 => 3,7,3,1,0
6109 => 3,7,3,1,0
6110 => 3,7,3,1,0
6111 => 3,7,3,1,0
6112 => 4,7,3,1,0
6113 => 4,7,3,1,0
6114 => 4,7,3,1,0
6115 => 4,7,3,1,0
6116 => 4,7,3,1,0
6117 => 4,7,3,1,0
6118 => 4,7,3,1,0
6119 => 4,7,3,1,0
6120 => 5,7,3,1,0
6121 => 5,7,3,1,0
6122 => 5,7,3,1,0
6123 => 5,7,3,1,0
6124 => 5,7,3,1,0
6125 => 5,7,3,1,0
6126 => 5,7,3,1,0
6127 => 5,7,3,1,0
6128 => 6,7,3,1,0
6129 => 6,7,3,1,0
6130 => 6,7,3,1,0
6131 => 6,7,3,1,0
6132 => 6,7,3,1,0
6133 => 6,7,3,1,0
6134 => 6,7,3,1,0
6135 => 6,7,3,1,0
6136 => 7,7,3,1,0
6137 => 7,7,3,1,0
6138 => 7,7,3,1,0
6139 => 7,7,3,1,0
6140 => 7,7,3,1,0
6141 => 7,7,3,1,0
6142 => 7,7,3,1,0
6143 => 7,7,3,1,0
6144 => 0,0,4,1,0
6145 => 0,0,4,1,0
6146 => 0,0,4,1,0
6147 => 0,0,4,1,0
6148 => 0,0,4,1,0
6149 => 0,0,4,1,0
6150 => 0,0,4,1,0
6151 => 0,0,4,1,0
6152 => 1,0,4,1,0
6153 => 1,0,4,1,0
6154 => 1,0,4,1,0
6155 => 1,0,4,1,0
6156 => 1,0,4,1,0
6157 => 1,0,4,1,0
6158 => 1,0,4,1,0
6159 => 1,0,4,1,0
6160 => 2,0,4,1,0
6161 => 2,0,4,1,0
6162 => 2,0,4,1,0
6163 => 2,0,4,1,0
6164 => 2,0,4,1,0
6165 => 2,0,4,1,0
6166 => 2,0,4,1,0
6167 => 2,0,4,1,0
6168 => 3,0,4,1,0
6169 => 3,0,4,1,0
6170 => 3,0,4,1,0
6171 => 3,0,4,1,0
6172 => 3,0,4,1,0
6173 => 3,0,4,1,0
6174 => 3,0,4,1,0
6175 => 3,0,4,1,0
6176 => 4,0,4,1,0
6177 => 4,0,4,1,0
6178 => 4,0,4,1,0
6179 => 4,0,4,1,0
6180 => 4,0,4,1,0
6181 => 4,0,4,1,0
6182 => 4,0,4,1,0
6183 => 4,0,4,1,0
6184 => 5,0,4,1,0
6185 => 5,0,4,1,0
6186 => 5,0,4,1,0
6187 => 5,0,4,1,0
6188 => 5,0,4,1,0
6189 => 5,0,4,1,0
6190 => 5,0,4,1,0
6191 => 5,0,4,1,0
6192 => 6,0,4,1,0
6193 => 6,0,4,1,0
6194 => 6,0,4,1,0
6195 => 6,0,4,1,0
6196 => 6,0,4,1,0
6197 => 6,0,4,1,0
6198 => 6,0,4,1,0
6199 => 6,0,4,1,0
6200 => 7,0,4,1,0
6201 => 7,0,4,1,0
6202 => 7,0,4,1,0
6203 => 7,0,4,1,0
6204 => 7,0,4,1,0
6205 => 7,0,4,1,0
6206 => 7,0,4,1,0
6207 => 7,0,4,1,0
6208 => 0,1,4,1,0
6209 => 0,1,4,1,0
6210 => 0,1,4,1,0
6211 => 0,1,4,1,0
6212 => 0,1,4,1,0
6213 => 0,1,4,1,0
6214 => 0,1,4,1,0
6215 => 0,1,4,1,0
6216 => 1,1,4,1,0
6217 => 1,1,4,1,0
6218 => 1,1,4,1,0
6219 => 1,1,4,1,0
6220 => 1,1,4,1,0
6221 => 1,1,4,1,0
6222 => 1,1,4,1,0
6223 => 1,1,4,1,0
6224 => 2,1,4,1,0
6225 => 2,1,4,1,0
6226 => 2,1,4,1,0
6227 => 2,1,4,1,0
6228 => 2,1,4,1,0
6229 => 2,1,4,1,0
6230 => 2,1,4,1,0
6231 => 2,1,4,1,0
6232 => 3,1,4,1,0
6233 => 3,1,4,1,0
6234 => 3,1,4,1,0
6235 => 3,1,4,1,0
6236 => 3,1,4,1,0
6237 => 3,1,4,1,0
6238 => 3,1,4,1,0
6239 => 3,1,4,1,0
6240 => 4,1,4,1,0
6241 => 4,1,4,1,0
6242 => 4,1,4,1,0
6243 => 4,1,4,1,0
6244 => 4,1,4,1,0
6245 => 4,1,4,1,0
6246 => 4,1,4,1,0
6247 => 4,1,4,1,0
6248 => 5,1,4,1,0
6249 => 5,1,4,1,0
6250 => 5,1,4,1,0
6251 => 5,1,4,1,0
6252 => 5,1,4,1,0
6253 => 5,1,4,1,0
6254 => 5,1,4,1,0
6255 => 5,1,4,1,0
6256 => 6,1,4,1,0
6257 => 6,1,4,1,0
6258 => 6,1,4,1,0
6259 => 6,1,4,1,0
6260 => 6,1,4,1,0
6261 => 6,1,4,1,0
6262 => 6,1,4,1,0
6263 => 6,1,4,1,0
6264 => 7,1,4,1,0
6265 => 7,1,4,1,0
6266 => 7,1,4,1,0
6267 => 7,1,4,1,0
6268 => 7,1,4,1,0
6269 => 7,1,4,1,0
6270 => 7,1,4,1,0
6271 => 7,1,4,1,0
6272 => 0,2,4,1,0
6273 => 0,2,4,1,0
6274 => 0,2,4,1,0
6275 => 0,2,4,1,0
6276 => 0,2,4,1,0
6277 => 0,2,4,1,0
6278 => 0,2,4,1,0
6279 => 0,2,4,1,0
6280 => 1,2,4,1,0
6281 => 1,2,4,1,0
6282 => 1,2,4,1,0
6283 => 1,2,4,1,0
6284 => 1,2,4,1,0
6285 => 1,2,4,1,0
6286 => 1,2,4,1,0
6287 => 1,2,4,1,0
6288 => 2,2,4,1,0
6289 => 2,2,4,1,0
6290 => 2,2,4,1,0
6291 => 2,2,4,1,0
6292 => 2,2,4,1,0
6293 => 2,2,4,1,0
6294 => 2,2,4,1,0
6295 => 2,2,4,1,0
6296 => 3,2,4,1,0
6297 => 3,2,4,1,0
6298 => 3,2,4,1,0
6299 => 3,2,4,1,0
6300 => 3,2,4,1,0
6301 => 3,2,4,1,0
6302 => 3,2,4,1,0
6303 => 3,2,4,1,0
6304 => 4,2,4,1,0
6305 => 4,2,4,1,0
6306 => 4,2,4,1,0
6307 => 4,2,4,1,0
6308 => 4,2,4,1,0
6309 => 4,2,4,1,0
6310 => 4,2,4,1,0
6311 => 4,2,4,1,0
6312 => 5,2,4,1,0
6313 => 5,2,4,1,0
6314 => 5,2,4,1,0
6315 => 5,2,4,1,0
6316 => 5,2,4,1,0
6317 => 5,2,4,1,0
6318 => 5,2,4,1,0
6319 => 5,2,4,1,0
6320 => 6,2,4,1,0
6321 => 6,2,4,1,0
6322 => 6,2,4,1,0
6323 => 6,2,4,1,0
6324 => 6,2,4,1,0
6325 => 6,2,4,1,0
6326 => 6,2,4,1,0
6327 => 6,2,4,1,0
6328 => 7,2,4,1,0
6329 => 7,2,4,1,0
6330 => 7,2,4,1,0
6331 => 7,2,4,1,0
6332 => 7,2,4,1,0
6333 => 7,2,4,1,0
6334 => 7,2,4,1,0
6335 => 7,2,4,1,0
6336 => 0,3,4,1,0
6337 => 0,3,4,1,0
6338 => 0,3,4,1,0
6339 => 0,3,4,1,0
6340 => 0,3,4,1,0
6341 => 0,3,4,1,0
6342 => 0,3,4,1,0
6343 => 0,3,4,1,0
6344 => 1,3,4,1,0
6345 => 1,3,4,1,0
6346 => 1,3,4,1,0
6347 => 1,3,4,1,0
6348 => 1,3,4,1,0
6349 => 1,3,4,1,0
6350 => 1,3,4,1,0
6351 => 1,3,4,1,0
6352 => 2,3,4,1,0
6353 => 2,3,4,1,0
6354 => 2,3,4,1,0
6355 => 2,3,4,1,0
6356 => 2,3,4,1,0
6357 => 2,3,4,1,0
6358 => 2,3,4,1,0
6359 => 2,3,4,1,0
6360 => 3,3,4,1,0
6361 => 3,3,4,1,0
6362 => 3,3,4,1,0
6363 => 3,3,4,1,0
6364 => 3,3,4,1,0
6365 => 3,3,4,1,0
6366 => 3,3,4,1,0
6367 => 3,3,4,1,0
6368 => 4,3,4,1,0
6369 => 4,3,4,1,0
6370 => 4,3,4,1,0
6371 => 4,3,4,1,0
6372 => 4,3,4,1,0
6373 => 4,3,4,1,0
6374 => 4,3,4,1,0
6375 => 4,3,4,1,0
6376 => 5,3,4,1,0
6377 => 5,3,4,1,0
6378 => 5,3,4,1,0
6379 => 5,3,4,1,0
6380 => 5,3,4,1,0
6381 => 5,3,4,1,0
6382 => 5,3,4,1,0
6383 => 5,3,4,1,0
6384 => 6,3,4,1,0
6385 => 6,3,4,1,0
6386 => 6,3,4,1,0
6387 => 6,3,4,1,0
6388 => 6,3,4,1,0
6389 => 6,3,4,1,0
6390 => 6,3,4,1,0
6391 => 6,3,4,1,0
6392 => 7,3,4,1,0
6393 => 7,3,4,1,0
6394 => 7,3,4,1,0
6395 => 7,3,4,1,0
6396 => 7,3,4,1,0
6397 => 7,3,4,1,0
6398 => 7,3,4,1,0
6399 => 7,3,4,1,0
6400 => 0,4,4,1,0
6401 => 0,4,4,1,0
6402 => 0,4,4,1,0
6403 => 0,4,4,1,0
6404 => 0,4,4,1,0
6405 => 0,4,4,1,0
6406 => 0,4,4,1,0
6407 => 0,4,4,1,0
6408 => 1,4,4,1,0
6409 => 1,4,4,1,0
6410 => 1,4,4,1,0
6411 => 1,4,4,1,0
6412 => 1,4,4,1,0
6413 => 1,4,4,1,0
6414 => 1,4,4,1,0
6415 => 1,4,4,1,0
6416 => 2,4,4,1,0
6417 => 2,4,4,1,0
6418 => 2,4,4,1,0
6419 => 2,4,4,1,0
6420 => 2,4,4,1,0
6421 => 2,4,4,1,0
6422 => 2,4,4,1,0
6423 => 2,4,4,1,0
6424 => 3,4,4,1,0
6425 => 3,4,4,1,0
6426 => 3,4,4,1,0
6427 => 3,4,4,1,0
6428 => 3,4,4,1,0
6429 => 3,4,4,1,0
6430 => 3,4,4,1,0
6431 => 3,4,4,1,0
6432 => 4,4,4,1,0
6433 => 4,4,4,1,0
6434 => 4,4,4,1,0
6435 => 4,4,4,1,0
6436 => 4,4,4,1,0
6437 => 4,4,4,1,0
6438 => 4,4,4,1,0
6439 => 4,4,4,1,0
6440 => 5,4,4,1,0
6441 => 5,4,4,1,0
6442 => 5,4,4,1,0
6443 => 5,4,4,1,0
6444 => 5,4,4,1,0
6445 => 5,4,4,1,0
6446 => 5,4,4,1,0
6447 => 5,4,4,1,0
6448 => 6,4,4,1,0
6449 => 6,4,4,1,0
6450 => 6,4,4,1,0
6451 => 6,4,4,1,0
6452 => 6,4,4,1,0
6453 => 6,4,4,1,0
6454 => 6,4,4,1,0
6455 => 6,4,4,1,0
6456 => 7,4,4,1,0
6457 => 7,4,4,1,0
6458 => 7,4,4,1,0
6459 => 7,4,4,1,0
6460 => 7,4,4,1,0
6461 => 7,4,4,1,0
6462 => 7,4,4,1,0
6463 => 7,4,4,1,0
6464 => 0,5,4,1,0
6465 => 0,5,4,1,0
6466 => 0,5,4,1,0
6467 => 0,5,4,1,0
6468 => 0,5,4,1,0
6469 => 0,5,4,1,0
6470 => 0,5,4,1,0
6471 => 0,5,4,1,0
6472 => 1,5,4,1,0
6473 => 1,5,4,1,0
6474 => 1,5,4,1,0
6475 => 1,5,4,1,0
6476 => 1,5,4,1,0
6477 => 1,5,4,1,0
6478 => 1,5,4,1,0
6479 => 1,5,4,1,0
6480 => 2,5,4,1,0
6481 => 2,5,4,1,0
6482 => 2,5,4,1,0
6483 => 2,5,4,1,0
6484 => 2,5,4,1,0
6485 => 2,5,4,1,0
6486 => 2,5,4,1,0
6487 => 2,5,4,1,0
6488 => 3,5,4,1,0
6489 => 3,5,4,1,0
6490 => 3,5,4,1,0
6491 => 3,5,4,1,0
6492 => 3,5,4,1,0
6493 => 3,5,4,1,0
6494 => 3,5,4,1,0
6495 => 3,5,4,1,0
6496 => 4,5,4,1,0
6497 => 4,5,4,1,0
6498 => 4,5,4,1,0
6499 => 4,5,4,1,0
6500 => 4,5,4,1,0
6501 => 4,5,4,1,0
6502 => 4,5,4,1,0
6503 => 4,5,4,1,0
6504 => 5,5,4,1,0
6505 => 5,5,4,1,0
6506 => 5,5,4,1,0
6507 => 5,5,4,1,0
6508 => 5,5,4,1,0
6509 => 5,5,4,1,0
6510 => 5,5,4,1,0
6511 => 5,5,4,1,0
6512 => 6,5,4,1,0
6513 => 6,5,4,1,0
6514 => 6,5,4,1,0
6515 => 6,5,4,1,0
6516 => 6,5,4,1,0
6517 => 6,5,4,1,0
6518 => 6,5,4,1,0
6519 => 6,5,4,1,0
6520 => 7,5,4,1,0
6521 => 7,5,4,1,0
6522 => 7,5,4,1,0
6523 => 7,5,4,1,0
6524 => 7,5,4,1,0
6525 => 7,5,4,1,0
6526 => 7,5,4,1,0
6527 => 7,5,4,1,0
6528 => 0,6,4,1,0
6529 => 0,6,4,1,0
6530 => 0,6,4,1,0
6531 => 0,6,4,1,0
6532 => 0,6,4,1,0
6533 => 0,6,4,1,0
6534 => 0,6,4,1,0
6535 => 0,6,4,1,0
6536 => 1,6,4,1,0
6537 => 1,6,4,1,0
6538 => 1,6,4,1,0
6539 => 1,6,4,1,0
6540 => 1,6,4,1,0
6541 => 1,6,4,1,0
6542 => 1,6,4,1,0
6543 => 1,6,4,1,0
6544 => 2,6,4,1,0
6545 => 2,6,4,1,0
6546 => 2,6,4,1,0
6547 => 2,6,4,1,0
6548 => 2,6,4,1,0
6549 => 2,6,4,1,0
6550 => 2,6,4,1,0
6551 => 2,6,4,1,0
6552 => 3,6,4,1,0
6553 => 3,6,4,1,0
6554 => 3,6,4,1,0
6555 => 3,6,4,1,0
6556 => 3,6,4,1,0
6557 => 3,6,4,1,0
6558 => 3,6,4,1,0
6559 => 3,6,4,1,0
6560 => 4,6,4,1,0
6561 => 4,6,4,1,0
6562 => 4,6,4,1,0
6563 => 4,6,4,1,0
6564 => 4,6,4,1,0
6565 => 4,6,4,1,0
6566 => 4,6,4,1,0
6567 => 4,6,4,1,0
6568 => 5,6,4,1,0
6569 => 5,6,4,1,0
6570 => 5,6,4,1,0
6571 => 5,6,4,1,0
6572 => 5,6,4,1,0
6573 => 5,6,4,1,0
6574 => 5,6,4,1,0
6575 => 5,6,4,1,0
6576 => 6,6,4,1,0
6577 => 6,6,4,1,0
6578 => 6,6,4,1,0
6579 => 6,6,4,1,0
6580 => 6,6,4,1,0
6581 => 6,6,4,1,0
6582 => 6,6,4,1,0
6583 => 6,6,4,1,0
6584 => 7,6,4,1,0
6585 => 7,6,4,1,0
6586 => 7,6,4,1,0
6587 => 7,6,4,1,0
6588 => 7,6,4,1,0
6589 => 7,6,4,1,0
6590 => 7,6,4,1,0
6591 => 7,6,4,1,0
6592 => 0,7,4,1,0
6593 => 0,7,4,1,0
6594 => 0,7,4,1,0
6595 => 0,7,4,1,0
6596 => 0,7,4,1,0
6597 => 0,7,4,1,0
6598 => 0,7,4,1,0
6599 => 0,7,4,1,0
6600 => 1,7,4,1,0
6601 => 1,7,4,1,0
6602 => 1,7,4,1,0
6603 => 1,7,4,1,0
6604 => 1,7,4,1,0
6605 => 1,7,4,1,0
6606 => 1,7,4,1,0
6607 => 1,7,4,1,0
6608 => 2,7,4,1,0
6609 => 2,7,4,1,0
6610 => 2,7,4,1,0
6611 => 2,7,4,1,0
6612 => 2,7,4,1,0
6613 => 2,7,4,1,0
6614 => 2,7,4,1,0
6615 => 2,7,4,1,0
6616 => 3,7,4,1,0
6617 => 3,7,4,1,0
6618 => 3,7,4,1,0
6619 => 3,7,4,1,0
6620 => 3,7,4,1,0
6621 => 3,7,4,1,0
6622 => 3,7,4,1,0
6623 => 3,7,4,1,0
6624 => 4,7,4,1,0
6625 => 4,7,4,1,0
6626 => 4,7,4,1,0
6627 => 4,7,4,1,0
6628 => 4,7,4,1,0
6629 => 4,7,4,1,0
6630 => 4,7,4,1,0
6631 => 4,7,4,1,0
6632 => 5,7,4,1,0
6633 => 5,7,4,1,0
6634 => 5,7,4,1,0
6635 => 5,7,4,1,0
6636 => 5,7,4,1,0
6637 => 5,7,4,1,0
6638 => 5,7,4,1,0
6639 => 5,7,4,1,0
6640 => 6,7,4,1,0
6641 => 6,7,4,1,0
6642 => 6,7,4,1,0
6643 => 6,7,4,1,0
6644 => 6,7,4,1,0
6645 => 6,7,4,1,0
6646 => 6,7,4,1,0
6647 => 6,7,4,1,0
6648 => 7,7,4,1,0
6649 => 7,7,4,1,0
6650 => 7,7,4,1,0
6651 => 7,7,4,1,0
6652 => 7,7,4,1,0
6653 => 7,7,4,1,0
6654 => 7,7,4,1,0
6655 => 7,7,4,1,0
6656 => 0,0,5,1,0
6657 => 0,0,5,1,0
6658 => 0,0,5,1,0
6659 => 0,0,5,1,0
6660 => 0,0,5,1,0
6661 => 0,0,5,1,0
6662 => 0,0,5,1,0
6663 => 0,0,5,1,0
6664 => 1,0,5,1,0
6665 => 1,0,5,1,0
6666 => 1,0,5,1,0
6667 => 1,0,5,1,0
6668 => 1,0,5,1,0
6669 => 1,0,5,1,0
6670 => 1,0,5,1,0
6671 => 1,0,5,1,0
6672 => 2,0,5,1,0
6673 => 2,0,5,1,0
6674 => 2,0,5,1,0
6675 => 2,0,5,1,0
6676 => 2,0,5,1,0
6677 => 2,0,5,1,0
6678 => 2,0,5,1,0
6679 => 2,0,5,1,0
6680 => 3,0,5,1,0
6681 => 3,0,5,1,0
6682 => 3,0,5,1,0
6683 => 3,0,5,1,0
6684 => 3,0,5,1,0
6685 => 3,0,5,1,0
6686 => 3,0,5,1,0
6687 => 3,0,5,1,0
6688 => 4,0,5,1,0
6689 => 4,0,5,1,0
6690 => 4,0,5,1,0
6691 => 4,0,5,1,0
6692 => 4,0,5,1,0
6693 => 4,0,5,1,0
6694 => 4,0,5,1,0
6695 => 4,0,5,1,0
6696 => 5,0,5,1,0
6697 => 5,0,5,1,0
6698 => 5,0,5,1,0
6699 => 5,0,5,1,0
6700 => 5,0,5,1,0
6701 => 5,0,5,1,0
6702 => 5,0,5,1,0
6703 => 5,0,5,1,0
6704 => 6,0,5,1,0
6705 => 6,0,5,1,0
6706 => 6,0,5,1,0
6707 => 6,0,5,1,0
6708 => 6,0,5,1,0
6709 => 6,0,5,1,0
6710 => 6,0,5,1,0
6711 => 6,0,5,1,0
6712 => 7,0,5,1,0
6713 => 7,0,5,1,0
6714 => 7,0,5,1,0
6715 => 7,0,5,1,0
6716 => 7,0,5,1,0
6717 => 7,0,5,1,0
6718 => 7,0,5,1,0
6719 => 7,0,5,1,0
6720 => 0,1,5,1,0
6721 => 0,1,5,1,0
6722 => 0,1,5,1,0
6723 => 0,1,5,1,0
6724 => 0,1,5,1,0
6725 => 0,1,5,1,0
6726 => 0,1,5,1,0
6727 => 0,1,5,1,0
6728 => 1,1,5,1,0
6729 => 1,1,5,1,0
6730 => 1,1,5,1,0
6731 => 1,1,5,1,0
6732 => 1,1,5,1,0
6733 => 1,1,5,1,0
6734 => 1,1,5,1,0
6735 => 1,1,5,1,0
6736 => 2,1,5,1,0
6737 => 2,1,5,1,0
6738 => 2,1,5,1,0
6739 => 2,1,5,1,0
6740 => 2,1,5,1,0
6741 => 2,1,5,1,0
6742 => 2,1,5,1,0
6743 => 2,1,5,1,0
6744 => 3,1,5,1,0
6745 => 3,1,5,1,0
6746 => 3,1,5,1,0
6747 => 3,1,5,1,0
6748 => 3,1,5,1,0
6749 => 3,1,5,1,0
6750 => 3,1,5,1,0
6751 => 3,1,5,1,0
6752 => 4,1,5,1,0
6753 => 4,1,5,1,0
6754 => 4,1,5,1,0
6755 => 4,1,5,1,0
6756 => 4,1,5,1,0
6757 => 4,1,5,1,0
6758 => 4,1,5,1,0
6759 => 4,1,5,1,0
6760 => 5,1,5,1,0
6761 => 5,1,5,1,0
6762 => 5,1,5,1,0
6763 => 5,1,5,1,0
6764 => 5,1,5,1,0
6765 => 5,1,5,1,0
6766 => 5,1,5,1,0
6767 => 5,1,5,1,0
6768 => 6,1,5,1,0
6769 => 6,1,5,1,0
6770 => 6,1,5,1,0
6771 => 6,1,5,1,0
6772 => 6,1,5,1,0
6773 => 6,1,5,1,0
6774 => 6,1,5,1,0
6775 => 6,1,5,1,0
6776 => 7,1,5,1,0
6777 => 7,1,5,1,0
6778 => 7,1,5,1,0
6779 => 7,1,5,1,0
6780 => 7,1,5,1,0
6781 => 7,1,5,1,0
6782 => 7,1,5,1,0
6783 => 7,1,5,1,0
6784 => 0,2,5,1,0
6785 => 0,2,5,1,0
6786 => 0,2,5,1,0
6787 => 0,2,5,1,0
6788 => 0,2,5,1,0
6789 => 0,2,5,1,0
6790 => 0,2,5,1,0
6791 => 0,2,5,1,0
6792 => 1,2,5,1,0
6793 => 1,2,5,1,0
6794 => 1,2,5,1,0
6795 => 1,2,5,1,0
6796 => 1,2,5,1,0
6797 => 1,2,5,1,0
6798 => 1,2,5,1,0
6799 => 1,2,5,1,0
6800 => 2,2,5,1,0
6801 => 2,2,5,1,0
6802 => 2,2,5,1,0
6803 => 2,2,5,1,0
6804 => 2,2,5,1,0
6805 => 2,2,5,1,0
6806 => 2,2,5,1,0
6807 => 2,2,5,1,0
6808 => 3,2,5,1,0
6809 => 3,2,5,1,0
6810 => 3,2,5,1,0
6811 => 3,2,5,1,0
6812 => 3,2,5,1,0
6813 => 3,2,5,1,0
6814 => 3,2,5,1,0
6815 => 3,2,5,1,0
6816 => 4,2,5,1,0
6817 => 4,2,5,1,0
6818 => 4,2,5,1,0
6819 => 4,2,5,1,0
6820 => 4,2,5,1,0
6821 => 4,2,5,1,0
6822 => 4,2,5,1,0
6823 => 4,2,5,1,0
6824 => 5,2,5,1,0
6825 => 5,2,5,1,0
6826 => 5,2,5,1,0
6827 => 5,2,5,1,0
6828 => 5,2,5,1,0
6829 => 5,2,5,1,0
6830 => 5,2,5,1,0
6831 => 5,2,5,1,0
6832 => 6,2,5,1,0
6833 => 6,2,5,1,0
6834 => 6,2,5,1,0
6835 => 6,2,5,1,0
6836 => 6,2,5,1,0
6837 => 6,2,5,1,0
6838 => 6,2,5,1,0
6839 => 6,2,5,1,0
6840 => 7,2,5,1,0
6841 => 7,2,5,1,0
6842 => 7,2,5,1,0
6843 => 7,2,5,1,0
6844 => 7,2,5,1,0
6845 => 7,2,5,1,0
6846 => 7,2,5,1,0
6847 => 7,2,5,1,0
6848 => 0,3,5,1,0
6849 => 0,3,5,1,0
6850 => 0,3,5,1,0
6851 => 0,3,5,1,0
6852 => 0,3,5,1,0
6853 => 0,3,5,1,0
6854 => 0,3,5,1,0
6855 => 0,3,5,1,0
6856 => 1,3,5,1,0
6857 => 1,3,5,1,0
6858 => 1,3,5,1,0
6859 => 1,3,5,1,0
6860 => 1,3,5,1,0
6861 => 1,3,5,1,0
6862 => 1,3,5,1,0
6863 => 1,3,5,1,0
6864 => 2,3,5,1,0
6865 => 2,3,5,1,0
6866 => 2,3,5,1,0
6867 => 2,3,5,1,0
6868 => 2,3,5,1,0
6869 => 2,3,5,1,0
6870 => 2,3,5,1,0
6871 => 2,3,5,1,0
6872 => 3,3,5,1,0
6873 => 3,3,5,1,0
6874 => 3,3,5,1,0
6875 => 3,3,5,1,0
6876 => 3,3,5,1,0
6877 => 3,3,5,1,0
6878 => 3,3,5,1,0
6879 => 3,3,5,1,0
6880 => 4,3,5,1,0
6881 => 4,3,5,1,0
6882 => 4,3,5,1,0
6883 => 4,3,5,1,0
6884 => 4,3,5,1,0
6885 => 4,3,5,1,0
6886 => 4,3,5,1,0
6887 => 4,3,5,1,0
6888 => 5,3,5,1,0
6889 => 5,3,5,1,0
6890 => 5,3,5,1,0
6891 => 5,3,5,1,0
6892 => 5,3,5,1,0
6893 => 5,3,5,1,0
6894 => 5,3,5,1,0
6895 => 5,3,5,1,0
6896 => 6,3,5,1,0
6897 => 6,3,5,1,0
6898 => 6,3,5,1,0
6899 => 6,3,5,1,0
6900 => 6,3,5,1,0
6901 => 6,3,5,1,0
6902 => 6,3,5,1,0
6903 => 6,3,5,1,0
6904 => 7,3,5,1,0
6905 => 7,3,5,1,0
6906 => 7,3,5,1,0
6907 => 7,3,5,1,0
6908 => 7,3,5,1,0
6909 => 7,3,5,1,0
6910 => 7,3,5,1,0
6911 => 7,3,5,1,0
6912 => 0,4,5,1,0
6913 => 0,4,5,1,0
6914 => 0,4,5,1,0
6915 => 0,4,5,1,0
6916 => 0,4,5,1,0
6917 => 0,4,5,1,0
6918 => 0,4,5,1,0
6919 => 0,4,5,1,0
6920 => 1,4,5,1,0
6921 => 1,4,5,1,0
6922 => 1,4,5,1,0
6923 => 1,4,5,1,0
6924 => 1,4,5,1,0
6925 => 1,4,5,1,0
6926 => 1,4,5,1,0
6927 => 1,4,5,1,0
6928 => 2,4,5,1,0
6929 => 2,4,5,1,0
6930 => 2,4,5,1,0
6931 => 2,4,5,1,0
6932 => 2,4,5,1,0
6933 => 2,4,5,1,0
6934 => 2,4,5,1,0
6935 => 2,4,5,1,0
6936 => 3,4,5,1,0
6937 => 3,4,5,1,0
6938 => 3,4,5,1,0
6939 => 3,4,5,1,0
6940 => 3,4,5,1,0
6941 => 3,4,5,1,0
6942 => 3,4,5,1,0
6943 => 3,4,5,1,0
6944 => 4,4,5,1,0
6945 => 4,4,5,1,0
6946 => 4,4,5,1,0
6947 => 4,4,5,1,0
6948 => 4,4,5,1,0
6949 => 4,4,5,1,0
6950 => 4,4,5,1,0
6951 => 4,4,5,1,0
6952 => 5,4,5,1,0
6953 => 5,4,5,1,0
6954 => 5,4,5,1,0
6955 => 5,4,5,1,0
6956 => 5,4,5,1,0
6957 => 5,4,5,1,0
6958 => 5,4,5,1,0
6959 => 5,4,5,1,0
6960 => 6,4,5,1,0
6961 => 6,4,5,1,0
6962 => 6,4,5,1,0
6963 => 6,4,5,1,0
6964 => 6,4,5,1,0
6965 => 6,4,5,1,0
6966 => 6,4,5,1,0
6967 => 6,4,5,1,0
6968 => 7,4,5,1,0
6969 => 7,4,5,1,0
6970 => 7,4,5,1,0
6971 => 7,4,5,1,0
6972 => 7,4,5,1,0
6973 => 7,4,5,1,0
6974 => 7,4,5,1,0
6975 => 7,4,5,1,0
6976 => 0,5,5,1,0
6977 => 0,5,5,1,0
6978 => 0,5,5,1,0
6979 => 0,5,5,1,0
6980 => 0,5,5,1,0
6981 => 0,5,5,1,0
6982 => 0,5,5,1,0
6983 => 0,5,5,1,0
6984 => 1,5,5,1,0
6985 => 1,5,5,1,0
6986 => 1,5,5,1,0
6987 => 1,5,5,1,0
6988 => 1,5,5,1,0
6989 => 1,5,5,1,0
6990 => 1,5,5,1,0
6991 => 1,5,5,1,0
6992 => 2,5,5,1,0
6993 => 2,5,5,1,0
6994 => 2,5,5,1,0
6995 => 2,5,5,1,0
6996 => 2,5,5,1,0
6997 => 2,5,5,1,0
6998 => 2,5,5,1,0
6999 => 2,5,5,1,0
7000 => 3,5,5,1,0
